;name;t_s;t_e;n_s;n_e;type;o;k;n;w;c;d;s_n601;s_n601b;s_n3300440;s_n3400167;e_n601;e_n601b;e_n3300440;e_n3400167;nb_dep_10;nb_dep_id_10;nb_fin_10;nb_fin_id_10;pi_value;class
0;o_D0;0.0;0.0;n601;n601;o;1;0;0;0;0;0;1;0;0;0;1;0;0;0;0;0;0;0;0.0;0
1;k_D0;1485.0;1485.0;n601;n601;k;0;1;0;0;0;0;1;0;0;0;1;0;0;0;0;0;0;0;0.0;0
2;o_D1;0.0;0.0;n601b;n601b;o;1;0;0;0;0;0;0;1;0;0;0;1;0;0;0;0;0;0;0.0;0
3;k_D1;1485.0;1485.0;n601b;n601b;k;0;1;0;0;0;0;0;1;0;0;0;1;0;0;0;0;0;0;0.0;0
4;n_T0;242.0;273.0;n3300440;n601b;n;0;0;1;0;0;0;0;0;1;0;0;1;0;0;0;0;0;0;54.0;1
5;n_T1;249.0;280.0;n601b;n3300440;n;0;0;1;0;0;0;0;1;0;0;0;0;1;0;0;0;0;0;-52.0;0
6;n_T2;256.0;287.0;n3300440;n601b;n;0;0;1;0;0;0;0;0;1;0;0;1;0;0;0;0;0;0;54.0;1
7;n_T3;263.0;294.0;n601b;n3300440;n;0;0;1;0;0;0;0;1;0;0;0;0;1;0;0;0;0;0;-50.0;0
8;n_T4;270.0;301.0;n3300440;n601b;n;0;0;1;0;0;0;0;0;1;0;0;1;0;0;0;0;0;0;54.0;1
9;n_T5;277.0;308.0;n601b;n3300440;n;0;0;1;0;0;0;0;1;0;0;0;0;1;0;0;0;0;0;-50.0;0
10;n_T6;284.0;315.0;n3300440;n601b;n;0;0;1;0;0;0;0;0;1;0;0;1;0;0;0;0;0;0;54.0;1
11;n_T7;291.0;322.0;n601b;n3300440;n;0;0;1;0;0;0;0;1;0;0;0;0;1;0;0;0;0;0;-50.0;0
12;n_T8;298.0;329.0;n3300440;n601b;n;0;0;1;0;0;0;0;0;1;0;0;1;0;0;1;1;1;1;54.0;1
13;n_T9;305.0;336.0;n601b;n3300440;n;0;0;1;0;0;0;0;1;0;0;0;0;1;0;1;1;0;0;-50.0;0
14;n_T10;312.0;343.0;n3300440;n601b;n;0;0;1;0;0;0;0;0;1;0;0;1;0;0;1;1;0;0;54.0;1
15;n_T11;319.0;350.0;n601b;n3300440;n;0;0;1;0;0;0;0;1;0;0;0;0;1;0;0;0;0;0;-50.0;0
16;n_T12;326.0;357.0;n3300440;n601b;n;0;0;1;0;0;0;0;0;1;0;0;1;0;0;0;0;0;0;54.0;1
17;n_T13;333.0;364.0;n601b;n3300440;n;0;0;1;0;0;0;0;1;0;0;0;0;1;0;0;0;1;1;-48.0;0
18;n_T14;340.0;371.0;n3300440;n601b;n;0;0;1;0;0;0;0;0;1;0;0;1;0;0;0;0;1;1;52.0;1
19;n_T15;347.0;378.0;n601b;n3300440;n;0;0;1;0;0;0;0;1;0;0;0;0;1;0;1;1;1;1;-48.0;0
20;n_T16;354.0;385.0;n3300440;n601b;n;0;0;1;0;0;0;0;0;1;0;0;1;0;0;3;2;1;1;56.0;1
21;n_T17;360.0;391.0;n601b;n3300440;n;0;0;1;0;0;0;0;1;0;0;0;0;1;0;3;3;1;1;-42.0;0
22;n_T18;365.0;396.0;n3300440;n601b;n;0;0;1;0;0;0;0;0;1;0;0;1;0;0;4;3;1;1;58.0;1
23;n_T19;370.0;401.0;n601b;n3300440;n;0;0;1;0;0;0;0;1;0;0;0;0;1;0;3;3;1;1;-42.0;0
24;n_T20;375.0;406.0;n3300440;n601b;n;0;0;1;0;0;0;0;0;1;0;0;1;0;0;4;3;3;3;58.0;1
25;n_T21;380.0;411.0;n601b;n3300440;n;0;0;1;0;0;0;0;1;0;0;0;0;1;0;2;2;4;3;-44.0;0
26;n_T22;385.0;416.0;n3300440;n601b;n;0;0;1;0;0;0;0;0;1;0;0;1;0;0;3;3;3;3;58.0;1
27;n_T23;390.0;421.0;n601b;n3300440;n;0;0;1;0;0;0;0;1;0;0;0;0;1;0;3;3;4;3;-36.0;0
28;n_T24;395.0;426.0;n3300440;n601b;n;0;0;1;0;0;0;0;0;1;0;0;1;0;0;4;3;3;3;52.0;1
29;n_T25;400.0;431.0;n601b;n3300440;n;0;0;1;0;0;0;0;1;0;0;0;0;1;0;3;3;4;3;-14.0;0
30;n_T26;405.0;436.0;n3300440;n601b;n;0;0;1;0;0;0;0;0;1;0;0;1;0;0;4;3;2;2;58.0;1
31;n_T27;410.0;441.0;n601b;n3300440;n;0;0;1;0;0;0;0;1;0;0;0;0;1;0;3;3;4;3;-34.0;0
32;n_T28;415.0;446.0;n3300440;n601b;n;0;0;1;0;0;0;0;0;1;0;0;1;0;0;4;3;3;3;52.0;1
33;n_T29;420.0;451.0;n601b;n3300440;n;0;0;1;0;0;0;0;1;0;0;0;0;1;0;4;4;4;3;6.0;1
34;n_T30;424.0;455.0;n3300440;n601b;n;0;0;1;0;0;0;0;0;1;0;0;1;0;0;5;4;3;3;68.0;1
35;n_T31;428.0;459.0;n601b;n3300440;n;0;0;1;0;0;0;0;1;0;0;0;0;1;0;5;5;5;4;38.0;1
36;n_T32;432.0;463.0;n3300440;n601b;n;0;0;1;0;0;0;0;0;1;0;0;1;0;0;5;4;3;3;26.0;1
37;n_T33;436.0;467.0;n601b;n3300440;n;0;0;1;0;0;0;0;1;0;0;0;0;1;0;4;4;4;3;12.0;1
38;n_T34;440.0;471.0;n3300440;n601b;n;0;0;1;0;0;0;0;0;1;0;0;1;0;0;5;4;3;3;1030.0;1
39;n_T35;444.0;475.0;n601b;n3300440;n;0;0;1;0;0;0;0;1;0;0;0;0;1;0;4;4;4;3;978.0;1
40;n_T36;448.0;479.0;n3300440;n601b;n;0;0;1;0;0;0;0;0;1;0;0;1;0;0;5;4;3;3;1040.0;1
41;n_T37;452.0;483.0;n601b;n3300440;n;0;0;1;0;0;0;0;1;0;0;0;0;1;0;4;4;4;3;962.0;1
42;n_T38;456.0;487.0;n3300440;n601b;n;0;0;1;0;0;0;0;0;1;0;0;1;0;0;5;4;3;3;992.0;1
43;n_T39;460.0;491.0;n601b;n3300440;n;0;0;1;0;0;0;0;1;0;0;0;0;1;0;4;4;4;3;970.0;1
44;n_T40;464.0;495.0;n3300440;n601b;n;0;0;1;0;0;0;0;0;1;0;0;1;0;0;5;4;3;3;970.0;1
45;n_T41;468.0;499.0;n601b;n3300440;n;0;0;1;0;0;0;0;1;0;0;0;0;1;0;5;5;5;4;988.0;1
46;n_T42;472.0;503.0;n3300440;n601b;n;0;0;1;0;0;0;0;0;1;0;0;1;0;0;4;4;3;3;988.0;1
47;n_T43;476.0;507.0;n601b;n3300440;n;0;0;1;0;0;0;0;1;0;0;0;0;1;0;2;2;4;3;-6.69349e-11;0
48;n_T44;482.0;513.0;n3300440;n601b;n;0;0;1;0;0;0;0;0;1;0;0;1;0;0;3;2;3;3;34.0;1
49;n_T45;488.0;519.0;n601b;n3300440;n;0;0;1;0;0;0;0;1;0;0;0;0;1;0;2;2;4;3;2.0;1
50;n_T46;494.0;525.0;n3300440;n601b;n;0;0;1;0;0;0;0;0;1;0;0;1;0;0;2;2;2;2;10.0;1
51;n_T47;500.0;531.0;n601b;n3300440;n;0;0;1;0;0;0;0;1;0;0;0;0;1;0;2;2;2;2;-3.01865e-10;0
52;n_T48;506.0;537.0;n3300440;n601b;n;0;0;1;0;0;0;0;0;1;0;0;1;0;0;3;2;2;2;12.0;1
53;n_T49;512.0;543.0;n601b;n3300440;n;0;0;1;0;0;0;0;1;0;0;0;0;1;0;2;2;3;2;6.0;1
54;n_T50;518.0;549.0;n3300440;n601b;n;0;0;1;0;0;0;0;0;1;0;0;1;0;0;2;2;2;2;4.0;1
55;n_T51;524.0;555.0;n601b;n3300440;n;0;0;1;0;0;0;0;1;0;0;0;0;1;0;2;2;2;2;12.0;1
56;n_T52;530.0;561.0;n3300440;n601b;n;0;0;1;0;0;0;0;0;1;0;0;1;0;0;2;2;2;2;10.0;1
57;n_T53;536.0;567.0;n601b;n3300440;n;0;0;1;0;0;0;0;1;0;0;0;0;1;0;2;2;3;2;20.0;1
58;n_T54;543.0;574.0;n3300440;n601b;n;0;0;1;0;0;0;0;0;1;0;0;1;0;0;2;2;2;2;8.0;1
59;n_T55;550.0;581.0;n601b;n3300440;n;0;0;1;0;0;0;0;1;0;0;0;0;1;0;2;2;2;2;0.0;0
60;n_T56;557.0;588.0;n3300440;n601b;n;0;0;1;0;0;0;0;0;1;0;0;1;0;0;2;2;2;2;-6.0;0
61;n_T57;564.0;595.0;n601b;n3300440;n;0;0;1;0;0;0;0;1;0;0;0;0;1;0;2;2;2;2;-4.0;0
62;n_T58;571.0;602.0;n3300440;n601b;n;0;0;1;0;0;0;0;0;1;0;0;1;0;0;2;2;1;1;12.0;1
63;n_T59;578.0;609.0;n601b;n3300440;n;0;0;1;0;0;0;0;1;0;0;0;0;1;0;3;3;3;3;0.0;0
64;n_T60;585.0;616.0;n3300440;n601b;n;0;0;1;0;0;0;0;0;1;0;0;1;0;0;2;2;2;2;10.0;1
65;n_T61;592.0;623.0;n601b;n3300440;n;0;0;1;0;0;0;0;1;0;0;0;0;1;0;2;2;2;2;14.0;1
66;n_T62;599.0;630.0;n3300440;n601b;n;0;0;1;0;0;0;0;0;1;0;0;1;0;0;2;2;2;2;12.0;1
67;n_T63;608.0;639.0;n601b;n3300440;n;0;0;1;0;0;0;0;1;0;0;0;0;1;0;3;3;3;3;-1.87015e-10;0
68;n_T64;617.0;648.0;n3300440;n601b;n;0;0;1;0;0;0;0;0;1;0;0;1;0;0;2;2;2;2;1.2729e-10;1
69;n_T65;626.0;657.0;n601b;n3300440;n;0;0;1;0;0;0;0;1;0;0;0;0;1;0;1;1;2;2;10.0;1
70;n_T66;635.0;666.0;n3300440;n601b;n;0;0;1;0;0;0;0;0;1;0;0;1;0;0;2;2;2;2;4.0;1
71;n_T67;644.0;675.0;n601b;n3300440;n;0;0;1;0;0;0;0;1;0;0;0;0;1;0;2;2;1;1;-8.0;0
72;n_T68;653.0;684.0;n3300440;n601b;n;0;0;1;0;0;0;0;0;1;0;0;1;0;0;2;2;3;3;0.0;0
73;n_T69;660.0;691.0;n601b;n3300440;n;0;0;1;0;0;0;0;1;0;0;0;0;1;0;2;2;1;1;8.0;1
74;n_T70;666.0;697.0;n3300440;n601b;n;0;0;1;0;0;0;0;0;1;0;0;1;0;0;1;1;1;1;10.0;1
75;n_T71;672.0;703.0;n601b;n3300440;n;0;0;1;0;0;0;0;1;0;0;0;0;1;0;1;1;2;2;8.0;1
76;n_T72;678.0;709.0;n3300440;n601b;n;0;0;1;0;0;0;0;0;1;0;0;1;0;0;1;1;2;2;12.0;1
77;n_T73;684.0;715.0;n601b;n3300440;n;0;0;1;0;0;0;0;1;0;0;0;0;1;0;2;2;2;2;1.17666e-11;1
78;n_T74;690.0;721.0;n3300440;n601b;n;0;0;1;0;0;0;0;0;1;0;0;1;0;0;2;2;2;2;-12.0;0
79;n_T75;696.0;727.0;n601b;n3300440;n;0;0;1;0;0;0;0;1;0;0;0;0;1;0;2;2;1;1;24.0;1
80;n_T76;702.0;733.0;n3300440;n601b;n;0;0;1;0;0;0;0;0;1;0;0;1;0;0;1;1;1;1;-36.0;0
81;n_T77;708.0;739.0;n601b;n3300440;n;0;0;1;0;0;0;0;1;0;0;0;0;1;0;1;1;2;2;12.0;1
82;n_T78;714.0;745.0;n3300440;n601b;n;0;0;1;0;0;0;0;0;1;0;0;1;0;0;0;0;2;2;0.0;0
83;n_T79;721.0;752.0;n601b;n3300440;n;0;0;1;0;0;0;0;1;0;0;0;0;1;0;0;0;2;2;12.0;1
84;n_T80;728.0;759.0;n3300440;n601b;n;0;0;1;0;0;0;0;0;1;0;0;1;0;0;1;1;2;2;8.0;1
85;n_T81;735.0;766.0;n601b;n3300440;n;0;0;1;0;0;0;0;1;0;0;0;0;1;0;2;2;2;2;40.0;1
86;n_T82;742.0;773.0;n3300440;n601b;n;0;0;1;0;0;0;0;0;1;0;0;1;0;0;2;2;2;2;-2.0;0
87;n_T83;749.0;780.0;n601b;n3300440;n;0;0;1;0;0;0;0;1;0;0;0;0;1;0;2;2;1;1;8.0;1
88;n_T84;756.0;787.0;n3300440;n601b;n;0;0;1;0;0;0;0;0;1;0;0;1;0;0;2;2;2;2;-30.0;0
89;n_T85;763.0;794.0;n601b;n3300440;n;0;0;1;0;0;0;0;1;0;0;0;0;1;0;2;2;1;1;0.0;0
90;n_T86;770.0;801.0;n3300440;n601b;n;0;0;1;0;0;0;0;0;1;0;0;1;0;0;2;2;1;1;6.0;1
91;n_T87;777.0;808.0;n601b;n3300440;n;0;0;1;0;0;0;0;1;0;0;0;0;1;0;2;2;1;1;10.0;1
92;n_T88;784.0;815.0;n3300440;n601b;n;0;0;1;0;0;0;0;0;1;0;0;1;0;0;2;2;1;1;8.0;1
93;n_T89;791.0;822.0;n601b;n3300440;n;0;0;1;0;0;0;0;1;0;0;0;0;1;0;2;2;2;2;38.0;1
94;n_T90;798.0;829.0;n3300440;n601b;n;0;0;1;0;0;0;0;0;1;0;0;1;0;0;2;2;2;2;8.0;1
95;n_T91;805.0;836.0;n601b;n3300440;n;0;0;1;0;0;0;0;1;0;0;0;0;1;0;2;2;2;2;2.0;1
96;n_T92;812.0;843.0;n3300440;n601b;n;0;0;1;0;0;0;0;0;1;0;0;1;0;0;2;2;2;2;4.0;1
97;n_T93;819.0;850.0;n601b;n3300440;n;0;0;1;0;0;0;0;1;0;0;0;0;1;0;2;2;1;1;0.0;0
98;n_T94;826.0;857.0;n3300440;n601b;n;0;0;1;0;0;0;0;0;1;0;0;1;0;0;2;2;2;2;-0.0;0
99;n_T95;833.0;864.0;n601b;n3300440;n;0;0;1;0;0;0;0;1;0;0;0;0;1;0;2;2;2;2;-2.04524e-10;0
100;n_T96;840.0;871.0;n3300440;n601b;n;0;0;1;0;0;0;0;0;1;0;0;1;0;0;2;2;2;2;8.0;1
101;n_T97;847.0;878.0;n601b;n3300440;n;0;0;1;0;0;0;0;1;0;0;0;0;1;0;1;1;2;2;4.0;1
102;n_T98;854.0;885.0;n3300440;n601b;n;0;0;1;0;0;0;0;0;1;0;0;1;0;0;2;2;2;2;8.0;1
103;n_T99;861.0;892.0;n601b;n3300440;n;0;0;1;0;0;0;0;1;0;0;0;0;1;0;2;2;2;2;10.0;1
104;n_T100;868.0;899.0;n3300440;n601b;n;0;0;1;0;0;0;0;0;1;0;0;1;0;0;2;2;2;2;-8.0;0
105;n_T101;875.0;906.0;n601b;n3300440;n;0;0;1;0;0;0;0;1;0;0;0;0;1;0;2;2;2;2;2.0;1
106;n_T102;882.0;913.0;n3300440;n601b;n;0;0;1;0;0;0;0;0;1;0;0;1;0;0;2;2;2;2;-4.46789e-11;0
107;n_T103;889.0;920.0;n601b;n3300440;n;0;0;1;0;0;0;0;1;0;0;0;0;1;0;2;2;2;2;2.0;1
108;n_T104;896.0;927.0;n3300440;n601b;n;0;0;1;0;0;0;0;0;1;0;0;1;0;0;3;2;2;2;4.0;1
109;n_T105;905.0;936.0;n601b;n3300440;n;0;0;1;0;0;0;0;1;0;0;0;0;1;0;3;3;2;2;22.0;1
110;n_T106;914.0;945.0;n3300440;n601b;n;0;0;1;0;0;0;0;0;1;0;0;1;0;0;3;2;2;2;-4.0;0
111;n_T107;923.0;954.0;n601b;n3300440;n;0;0;1;0;0;0;0;1;0;0;0;0;1;0;1;1;3;2;22.0;1
112;n_T108;932.0;963.0;n3300440;n601b;n;0;0;1;0;0;0;0;0;1;0;0;1;0;0;3;2;2;2;6.0;1
113;n_T109;941.0;972.0;n601b;n3300440;n;0;0;1;0;0;0;0;1;0;0;0;0;1;0;2;2;2;1;0.0;0
114;n_T110;950.0;981.0;n3300440;n601b;n;0;0;1;0;0;0;0;0;1;0;0;1;0;0;3;2;3;3;10.0;1
115;n_T111;959.0;990.0;n601b;n3300440;n;0;0;1;0;0;0;0;1;0;0;0;0;1;0;2;2;3;2;22.0;1
116;n_T112;966.0;997.0;n3300440;n601b;n;0;0;1;0;0;0;0;0;1;0;0;1;0;0;3;2;1;1;2.0;1
117;n_T113;973.0;1004.0;n601b;n3300440;n;0;0;1;0;0;0;0;1;0;0;0;0;1;0;2;2;2;1;26.0;1
118;n_T114;980.0;1011.0;n3300440;n601b;n;0;0;1;0;0;0;0;0;1;0;0;1;0;0;2;1;1;1;4.0;1
119;n_T115;987.0;1018.0;n601b;n3300440;n;0;0;1;0;0;0;0;1;0;0;0;0;1;0;1;1;3;2;20.0;1
120;n_T116;994.0;1025.0;n3300440;n601b;n;0;0;1;0;0;0;0;0;1;0;0;1;0;0;2;1;1;1;8.0;1
121;n_T117;1001.0;1032.0;n601b;n3300440;n;0;0;1;0;0;0;0;1;0;0;0;0;1;0;2;2;3;2;22.0;1
122;n_T118;1008.0;1039.0;n3300440;n601b;n;0;0;1;0;0;0;0;0;1;0;0;1;0;0;3;2;2;2;-6.0;0
123;n_T119;1015.0;1046.0;n601b;n3300440;n;0;0;1;0;0;0;0;1;0;0;0;0;1;0;2;2;4;2;28.0;1
124;n_T120;1022.0;1053.0;n3300440;n601b;n;0;0;1;0;0;0;0;0;1;0;0;1;0;0;2;2;2;2;-8.0;0
125;n_T121;1029.0;1060.0;n601b;n3300440;n;0;0;1;0;0;0;0;1;0;0;0;0;1;0;2;2;2;1;24.0;1
126;n_T122;1036.0;1067.0;n3300440;n601b;n;0;0;1;0;0;0;0;0;1;0;0;1;0;0;2;2;1;1;-16.0;0
127;n_T123;1043.0;1074.0;n601b;n3300440;n;0;0;1;0;0;0;0;1;0;0;0;0;1;0;1;1;1;1;30.0;1
128;n_T124;1050.0;1081.0;n3300440;n601b;n;0;0;1;0;0;0;0;0;1;0;0;1;0;0;2;1;2;2;-16.0;0
129;n_T125;1057.0;1088.0;n601b;n3300440;n;0;0;1;0;0;0;0;1;0;0;0;0;1;0;1;1;3;2;34.0;1
130;n_T126;1064.0;1095.0;n3300440;n601b;n;0;0;1;0;0;0;0;0;1;0;0;1;0;0;3;2;2;2;-8.0;0
131;n_T127;1071.0;1102.0;n601b;n3300440;n;0;0;1;0;0;0;0;1;0;0;0;0;1;0;2;2;3;2;36.0;1
132;n_T128;1078.0;1109.0;n3300440;n601b;n;0;0;1;0;0;0;0;0;1;0;0;1;0;0;2;2;2;2;-24.0;0
133;n_T129;1084.0;1115.0;n601b;n3300440;n;0;0;1;0;0;0;0;1;0;0;0;0;1;0;2;2;2;1;38.0;1
134;n_T130;1090.0;1121.0;n3300440;n601b;n;0;0;1;0;0;0;0;0;1;0;0;1;0;0;2;2;1;1;-26.0;0
135;n_T131;1096.0;1127.0;n601b;n3300440;n;0;0;1;0;0;0;0;1;0;0;0;0;1;0;1;1;1;1;26.0;1
136;n_T132;1102.0;1133.0;n3300440;n601b;n;0;0;1;0;0;0;0;0;1;0;0;1;0;0;2;1;2;2;-20.0;0
137;n_T133;1108.0;1139.0;n601b;n3300440;n;0;0;1;0;0;0;0;1;0;0;0;0;1;0;2;2;1;1;30.0;1
138;n_T134;1114.0;1145.0;n3300440;n601b;n;0;0;1;0;0;0;0;0;1;0;0;1;0;0;2;2;1;1;-20.0;0
139;n_T135;1120.0;1151.0;n601b;n3300440;n;0;0;1;0;0;0;0;1;0;0;0;0;1;0;2;2;0;0;32.0;1
140;n_T136;1126.0;1157.0;n3300440;n601b;n;0;0;1;0;0;0;0;0;1;0;0;1;0;0;2;2;1;1;-24.0;0
141;n_T137;1132.0;1163.0;n601b;n3300440;n;0;0;1;0;0;0;0;1;0;0;0;0;1;0;1;1;1;1;56.0;1
142;n_T138;1138.0;1169.0;n3300440;n601b;n;0;0;1;0;0;0;0;0;1;0;0;1;0;0;1;1;2;2;-24.0;0
143;n_T139;1145.0;1176.0;n601b;n3300440;n;0;0;1;0;0;0;0;1;0;0;0;0;1;0;1;1;3;2;24.0;1
144;n_T140;1152.0;1183.0;n3300440;n601b;n;0;0;1;0;0;0;0;0;1;0;0;1;0;0;2;2;2;2;-24.0;0
145;n_T141;1159.0;1190.0;n601b;n3300440;n;0;0;1;0;0;0;0;1;0;0;0;0;1;0;2;2;1;1;28.0;1
146;n_T142;1166.0;1197.0;n3300440;n601b;n;0;0;1;0;0;0;0;0;1;0;0;1;0;0;2;2;2;2;-32.0;0
147;n_T143;1173.0;1204.0;n601b;n3300440;n;0;0;1;0;0;0;0;1;0;0;0;0;1;0;2;2;2;2;32.0;1
148;n_T144;1180.0;1211.0;n3300440;n601b;n;0;0;1;0;0;0;0;0;1;0;0;1;0;0;2;2;2;2;-28.0;0
149;n_T145;1187.0;1218.0;n601b;n3300440;n;0;0;1;0;0;0;0;1;0;0;0;0;1;0;2;2;1;1;32.0;1
150;n_T146;1194.0;1225.0;n3300440;n601b;n;0;0;1;0;0;0;0;0;1;0;0;1;0;0;2;2;1;1;-24.0;0
151;n_T147;1203.0;1234.0;n601b;n3300440;n;0;0;1;0;0;0;0;1;0;0;0;0;1;0;2;2;1;1;44.0;1
152;n_T148;1212.0;1243.0;n3300440;n601b;n;0;0;1;0;0;0;0;0;1;0;0;1;0;0;2;2;1;1;-24.0;0
153;n_T149;1221.0;1252.0;n601b;n3300440;n;0;0;1;0;0;0;0;1;0;0;0;0;1;0;3;3;2;2;52.0;1
154;n_T150;1230.0;1261.0;n3300440;n601b;n;0;0;1;0;0;0;0;0;1;0;0;1;0;0;2;2;3;3;-24.0;0
155;n_T151;1239.0;1270.0;n601b;n3300440;n;0;0;1;0;0;0;0;1;0;0;0;0;1;0;2;2;2;2;56.0;1
156;n_T152;1248.0;1279.0;n3300440;n601b;n;0;0;1;0;0;0;0;0;1;0;0;1;0;0;1;1;2;2;-24.0;0
157;n_T153;1257.0;1288.0;n601b;n3300440;n;0;0;1;0;0;0;0;1;0;0;0;0;1;0;2;2;2;2;62.0;1
158;n_T154;1264.0;1295.0;n3300440;n601b;n;0;0;1;0;0;0;0;0;1;0;0;1;0;0;2;2;2;2;-28.0;0
159;n_T155;1271.0;1302.0;n601b;n3300440;n;0;0;1;0;0;0;0;1;0;0;0;0;1;0;2;2;2;2;46.0;1
160;n_T156;1278.0;1309.0;n3300440;n601b;n;0;0;1;0;0;0;0;0;1;0;0;1;0;0;2;2;2;2;-36.0;0
161;n_T157;1285.0;1316.0;n601b;n3300440;n;0;0;1;0;0;0;0;1;0;0;0;0;1;0;2;2;2;2;46.0;1
162;n_T158;1292.0;1323.0;n3300440;n601b;n;0;0;1;0;0;0;0;0;1;0;0;1;0;0;2;2;2;2;-28.0;0
163;n_T159;1299.0;1330.0;n601b;n3300440;n;0;0;1;0;0;0;0;1;0;0;0;0;1;0;1;1;1;1;46.0;1
164;n_T160;1306.0;1337.0;n3300440;n601b;n;0;0;1;0;0;0;0;0;1;0;0;1;0;0;2;2;2;2;-34.0;0
165;n_T161;1313.0;1344.0;n601b;n3300440;n;0;0;1;0;0;0;0;1;0;0;0;0;1;0;2;2;2;2;64.0;1
166;n_T162;1327.0;1358.0;n3300440;n601b;n;0;0;1;0;0;0;0;0;1;0;0;1;0;0;1;1;2;2;-34.0;0
167;n_T163;1341.0;1372.0;n601b;n3300440;n;0;0;1;0;0;0;0;1;0;0;0;0;1;0;2;2;1;1;50.0;1
168;n_T164;1355.0;1386.0;n3300440;n601b;n;0;0;1;0;0;0;0;0;1;0;0;1;0;0;2;2;2;2;-36.0;0
169;n_T165;1369.0;1400.0;n601b;n3300440;n;0;0;1;0;0;0;0;1;0;0;0;0;1;0;1;1;2;2;52.0;1
170;n_T166;303.0;328.0;n3300440;n601b;n;0;0;1;0;0;0;0;0;1;0;0;1;0;0;1;1;0;0;54.0;1
171;n_T167;312.0;337.0;n601b;n3300440;n;0;0;1;0;0;0;0;1;0;0;0;0;1;0;1;1;1;1;-50.0;0
172;n_T168;321.0;346.0;n3300440;n601b;n;0;0;1;0;0;0;0;0;1;0;0;1;0;0;1;1;1;1;52.0;1
173;n_T169;330.0;355.0;n601b;n3300440;n;0;0;1;0;0;0;0;1;0;0;0;0;1;0;1;1;1;1;-50.0;0
174;n_T170;339.0;364.0;n3300440;n601b;n;0;0;1;0;0;0;0;0;1;0;0;1;0;0;1;1;1;1;50.0;1
175;n_T171;348.0;373.0;n601b;n3300440;n;0;0;1;0;0;0;0;1;0;0;0;0;1;0;0;0;1;1;-48.0;0
176;n_T172;357.0;382.0;n3300440;n601b;n;0;0;1;0;0;0;0;0;1;0;0;1;0;0;3;2;0;0;54.0;1
177;n_T173;364.0;389.0;n601b;n3300440;n;0;0;1;0;0;0;0;1;0;0;0;0;1;0;2;2;0;0;-48.0;0
178;n_T174;371.0;396.0;n3300440;n601b;n;0;0;1;0;0;0;0;0;1;0;0;1;0;0;3;2;1;1;58.0;1
179;n_T175;378.0;403.0;n601b;n3300440;n;0;0;1;0;0;0;0;1;0;0;0;0;1;0;3;3;2;1;-44.0;0
180;n_T176;385.0;410.0;n3300440;n601b;n;0;0;1;0;0;0;0;0;1;0;0;1;0;0;3;3;2;2;50.0;1
181;n_T177;392.0;417.0;n601b;n3300440;n;0;0;1;0;0;0;0;1;0;0;0;0;1;0;2;2;3;2;-40.0;0
182;n_T178;399.0;424.0;n3300440;n601b;n;0;0;1;0;0;0;0;0;1;0;0;1;0;0;3;2;3;3;56.0;1
183;n_T179;406.0;431.0;n601b;n3300440;n;0;0;1;0;0;0;0;1;0;0;0;0;1;0;2;2;4;3;-22.0;0
184;n_T180;413.0;438.0;n3300440;n601b;n;0;0;1;0;0;0;0;0;1;0;0;1;0;0;4;3;2;2;60.0;1
185;n_T181;420.0;445.0;n601b;n3300440;n;0;0;1;0;0;0;0;1;0;0;0;0;1;0;4;4;3;2;-34.0;0
186;n_T182;424.0;449.0;n3300440;n601b;n;0;0;1;0;0;0;0;0;1;0;0;1;0;0;5;4;2;2;48.0;1
187;n_T183;428.0;453.0;n601b;n3300440;n;0;0;1;0;0;0;0;1;0;0;0;0;1;0;5;5;4;3;2.0;1
188;n_T184;432.0;457.0;n3300440;n601b;n;0;0;1;0;0;0;0;0;1;0;0;1;0;0;5;4;3;3;38.0;1
189;n_T185;436.0;461.0;n601b;n3300440;n;0;0;1;0;0;0;0;1;0;0;0;0;1;0;4;4;4;4;24.0;1
190;n_T186;440.0;465.0;n3300440;n601b;n;0;0;1;0;0;0;0;0;1;0;0;1;0;0;5;4;4;4;38.0;1
191;n_T187;444.0;469.0;n601b;n3300440;n;0;0;1;0;0;0;0;1;0;0;0;0;1;0;4;4;6;5;18.0;1
192;n_T188;448.0;473.0;n3300440;n601b;n;0;0;1;0;0;0;0;0;1;0;0;1;0;0;5;4;4;4;1034.0;1
193;n_T189;452.0;477.0;n601b;n3300440;n;0;0;1;0;0;0;0;1;0;0;0;0;1;0;4;4;5;4;974.0;1
194;n_T190;456.0;481.0;n3300440;n601b;n;0;0;1;0;0;0;0;0;1;0;0;1;0;0;5;4;4;4;1004.0;1
195;n_T191;460.0;485.0;n601b;n3300440;n;0;0;1;0;0;0;0;1;0;0;0;0;1;0;4;4;4;4;970.0;1
196;n_T192;464.0;489.0;n3300440;n601b;n;0;0;1;0;0;0;0;0;1;0;0;1;0;0;5;4;4;4;956.0;1
197;n_T193;468.0;493.0;n601b;n3300440;n;0;0;1;0;0;0;0;1;0;0;0;0;1;0;5;5;5;4;982.0;1
198;n_T194;472.0;497.0;n3300440;n601b;n;0;0;1;0;0;0;0;0;1;0;0;1;0;0;4;4;4;4;982.0;1
199;n_T195;476.0;501.0;n601b;n3300440;n;0;0;1;0;0;0;0;1;0;0;0;0;1;0;2;2;5;4;0.0;0
200;n_T196;482.0;507.0;n3300440;n601b;n;0;0;1;0;0;0;0;0;1;0;0;1;0;0;3;2;3;3;28.0;1
201;n_T197;488.0;513.0;n601b;n3300440;n;0;0;1;0;0;0;0;1;0;0;0;0;1;0;2;2;3;2;2.0;1
202;n_T198;494.0;519.0;n3300440;n601b;n;0;0;1;0;0;0;0;0;1;0;0;1;0;0;2;2;2;2;6.0;1
203;n_T199;500.0;525.0;n601b;n3300440;n;0;0;1;0;0;0;0;1;0;0;0;0;1;0;2;2;2;2;-3.03011e-10;0
204;n_T200;506.0;531.0;n3300440;n601b;n;0;0;1;0;0;0;0;0;1;0;0;1;0;0;3;2;2;2;-5.89822e-11;0
205;n_T201;512.0;537.0;n601b;n3300440;n;0;0;1;0;0;0;0;1;0;0;0;0;1;0;2;2;2;2;6.0;1
206;n_T202;518.0;543.0;n3300440;n601b;n;0;0;1;0;0;0;0;0;1;0;0;1;0;0;2;2;2;2;-8.0;0
207;n_T203;524.0;549.0;n601b;n3300440;n;0;0;1;0;0;0;0;1;0;0;0;0;1;0;2;2;2;2;12.0;1
208;n_T204;530.0;555.0;n3300440;n601b;n;0;0;1;0;0;0;0;0;1;0;0;1;0;0;2;2;2;2;-10.0;0
209;n_T205;536.0;561.0;n601b;n3300440;n;0;0;1;0;0;0;0;1;0;0;0;0;1;0;2;2;2;2;20.0;1
210;n_T206;542.0;567.0;n3300440;n601b;n;0;0;1;0;0;0;0;0;1;0;0;1;0;0;2;2;2;2;-2.0;0
211;n_T207;548.0;573.0;n601b;n3300440;n;0;0;1;0;0;0;0;1;0;0;0;0;1;0;3;3;3;2;20.0;1
212;n_T208;554.0;579.0;n3300440;n601b;n;0;0;1;0;0;0;0;0;1;0;0;1;0;0;2;2;2;2;12.0;1
213;n_T209;560.0;585.0;n601b;n3300440;n;0;0;1;0;0;0;0;1;0;0;0;0;1;0;2;2;2;2;20.0;1
214;n_T210;566.0;591.0;n3300440;n601b;n;0;0;1;0;0;0;0;0;1;0;0;1;0;0;2;2;2;2;-12.0;0
215;n_T211;572.0;597.0;n601b;n3300440;n;0;0;1;0;0;0;0;1;0;0;0;0;1;0;2;2;2;2;12.0;1
216;n_T212;578.0;603.0;n3300440;n601b;n;0;0;1;0;0;0;0;0;1;0;0;1;0;0;2;2;2;2;10.0;1
217;n_T213;584.0;609.0;n601b;n3300440;n;0;0;1;0;0;0;0;1;0;0;0;0;1;0;2;2;3;3;-2.0;0
218;n_T214;590.0;615.0;n3300440;n601b;n;0;0;1;0;0;0;0;0;1;0;0;1;0;0;2;2;1;1;12.0;1
219;n_T215;596.0;621.0;n601b;n3300440;n;0;0;1;0;0;0;0;1;0;0;0;0;1;0;1;1;1;1;22.0;1
220;n_T216;603.0;628.0;n3300440;n601b;n;0;0;1;0;0;0;0;0;1;0;0;1;0;0;2;2;1;1;0.0;0
221;n_T217;610.0;635.0;n601b;n3300440;n;0;0;1;0;0;0;0;1;0;0;0;0;1;0;1;1;1;1;4.0;1
222;n_T218;617.0;642.0;n3300440;n601b;n;0;0;1;0;0;0;0;0;1;0;0;1;0;0;2;2;1;1;12.0;1
223;n_T219;624.0;649.0;n601b;n3300440;n;0;0;1;0;0;0;0;1;0;0;0;0;1;0;2;2;3;3;6.0;1
224;n_T220;631.0;656.0;n3300440;n601b;n;0;0;1;0;0;0;0;0;1;0;0;1;0;0;2;2;2;2;0.0;0
225;n_T221;638.0;663.0;n601b;n3300440;n;0;0;1;0;0;0;0;1;0;0;0;0;1;0;3;3;2;2;4.0;1
226;n_T222;645.0;670.0;n3300440;n601b;n;0;0;1;0;0;0;0;0;1;0;0;1;0;0;2;2;2;2;-4.0;0
227;n_T223;652.0;677.0;n601b;n3300440;n;0;0;1;0;0;0;0;1;0;0;0;0;1;0;2;2;2;2;8.0;1
228;n_T224;659.0;684.0;n3300440;n601b;n;0;0;1;0;0;0;0;0;1;0;0;1;0;0;2;2;3;3;-3.10791e-11;0
229;n_T225;668.0;693.0;n601b;n3300440;n;0;0;1;0;0;0;0;1;0;0;0;0;1;0;2;2;2;2;0.0;0
230;n_T226;677.0;702.0;n3300440;n601b;n;0;0;1;0;0;0;0;0;1;0;0;1;0;0;1;1;2;2;0.0;0
231;n_T227;686.0;711.0;n601b;n3300440;n;0;0;1;0;0;0;0;1;0;0;0;0;1;0;2;2;2;2;4.0;1
232;n_T228;695.0;720.0;n3300440;n601b;n;0;0;1;0;0;0;0;0;1;0;0;1;0;0;2;2;1;1;-10.0;0
233;n_T229;704.0;729.0;n601b;n3300440;n;0;0;1;0;0;0;0;1;0;0;0;0;1;0;2;2;2;2;4.0;1
234;n_T230;713.0;738.0;n3300440;n601b;n;0;0;1;0;0;0;0;0;1;0;0;1;0;0;1;1;2;2;12.0;1
235;n_T231;720.0;745.0;n601b;n3300440;n;0;0;1;0;0;0;0;1;0;0;0;0;1;0;1;1;2;2;10.0;1
236;n_T232;726.0;751.0;n3300440;n601b;n;0;0;1;0;0;0;0;0;1;0;0;1;0;0;2;2;2;2;4.0;1
237;n_T233;732.0;757.0;n601b;n3300440;n;0;0;1;0;0;0;0;1;0;0;0;0;1;0;2;2;2;2;34.0;1
238;n_T234;738.0;763.0;n3300440;n601b;n;0;0;1;0;0;0;0;0;1;0;0;1;0;0;2;2;2;2;-1.11726e-10;0
239;n_T235;744.0;769.0;n601b;n3300440;n;0;0;1;0;0;0;0;1;0;0;0;0;1;0;2;2;2;2;-1.86416e-10;0
240;n_T236;750.0;775.0;n3300440;n601b;n;0;0;1;0;0;0;0;0;1;0;0;1;0;0;1;1;2;2;-6.0;0
241;n_T237;756.0;781.0;n601b;n3300440;n;0;0;1;0;0;0;0;1;0;0;0;0;1;0;1;1;2;2;6.0;1
242;n_T238;762.0;787.0;n3300440;n601b;n;0;0;1;0;0;0;0;0;1;0;0;1;0;0;2;2;2;2;-30.0;0
243;n_T239;768.0;793.0;n601b;n3300440;n;0;0;1;0;0;0;0;1;0;0;0;0;1;0;2;2;0;0;10.0;1
244;n_T240;774.0;799.0;n3300440;n601b;n;0;0;1;0;0;0;0;0;1;0;0;1;0;0;2;2;0;0;10.0;1
245;n_T241;781.0;806.0;n601b;n3300440;n;0;0;1;0;0;0;0;1;0;0;0;0;1;0;2;2;0;0;18.0;1
246;n_T242;788.0;813.0;n3300440;n601b;n;0;0;1;0;0;0;0;0;1;0;0;1;0;0;2;2;1;1;12.0;1
247;n_T243;795.0;820.0;n601b;n3300440;n;0;0;1;0;0;0;0;1;0;0;0;0;1;0;2;2;1;1;46.0;1
248;n_T244;802.0;827.0;n3300440;n601b;n;0;0;1;0;0;0;0;0;1;0;0;1;0;0;2;2;1;1;12.0;1
249;n_T245;809.0;834.0;n601b;n3300440;n;0;0;1;0;0;0;0;1;0;0;0;0;1;0;2;2;1;1;10.0;1
250;n_T246;816.0;841.0;n3300440;n601b;n;0;0;1;0;0;0;0;0;1;0;0;1;0;0;2;2;1;1;8.0;1
251;n_T247;823.0;848.0;n601b;n3300440;n;0;0;1;0;0;0;0;1;0;0;0;0;1;0;1;1;1;1;8.0;1
252;n_T248;830.0;855.0;n3300440;n601b;n;0;0;1;0;0;0;0;0;1;0;0;1;0;0;2;2;1;1;4.0;1
253;n_T249;837.0;862.0;n601b;n3300440;n;0;0;1;0;0;0;0;1;0;0;0;0;1;0;2;2;0;0;8.0;1
254;n_T250;844.0;869.0;n3300440;n601b;n;0;0;1;0;0;0;0;0;1;0;0;1;0;0;2;2;1;1;12.0;1
255;n_T251;851.0;876.0;n601b;n3300440;n;0;0;1;0;0;0;0;1;0;0;0;0;1;0;2;2;1;1;12.0;1
256;n_T252;858.0;883.0;n3300440;n601b;n;0;0;1;0;0;0;0;0;1;0;0;1;0;0;2;2;1;1;12.0;1
257;n_T253;865.0;890.0;n601b;n3300440;n;0;0;1;0;0;0;0;1;0;0;0;0;1;0;2;2;1;1;18.0;1
258;n_T254;872.0;897.0;n3300440;n601b;n;0;0;1;0;0;0;0;0;1;0;0;1;0;0;2;2;1;1;-4.0;0
259;n_T255;879.0;904.0;n601b;n3300440;n;0;0;1;0;0;0;0;1;0;0;0;0;1;0;2;2;1;1;10.0;1
260;n_T256;886.0;911.0;n3300440;n601b;n;0;0;1;0;0;0;0;0;1;0;0;1;0;0;2;2;1;1;4.0;1
261;n_T257;893.0;918.0;n601b;n3300440;n;0;0;1;0;0;0;0;1;0;0;0;0;1;0;1;1;1;1;10.0;1
262;n_T258;900.0;925.0;n3300440;n601b;n;0;0;1;0;0;0;0;0;1;0;0;1;0;0;3;2;1;1;4.0;1
263;n_T259;907.0;932.0;n601b;n3300440;n;0;0;1;0;0;0;0;1;0;0;0;0;1;0;1;1;1;1;26.0;1
264;n_T260;914.0;939.0;n3300440;n601b;n;0;0;1;0;0;0;0;0;1;0;0;1;0;0;3;2;1;1;8.0;1
265;n_T261;921.0;946.0;n601b;n3300440;n;0;0;1;0;0;0;0;1;0;0;0;0;1;0;2;2;3;2;20.0;1
266;n_T262;928.0;953.0;n3300440;n601b;n;0;0;1;0;0;0;0;0;1;0;0;1;0;0;3;2;2;2;0.0;0
267;n_T263;935.0;960.0;n601b;n3300440;n;0;0;1;0;0;0;0;1;0;0;0;0;1;0;3;3;2;2;16.0;1
268;n_T264;942.0;967.0;n3300440;n601b;n;0;0;1;0;0;0;0;0;1;0;0;1;0;0;2;2;2;2;-2.0;0
269;n_T265;949.0;974.0;n601b;n3300440;n;0;0;1;0;0;0;0;1;0;0;0;0;1;0;2;2;2;2;14.0;1
270;n_T266;956.0;981.0;n3300440;n601b;n;0;0;1;0;0;0;0;0;1;0;0;1;0;0;3;2;3;3;8.0;1
271;n_T267;965.0;990.0;n601b;n3300440;n;0;0;1;0;0;0;0;1;0;0;0;0;1;0;2;2;3;2;8.0;1
272;n_T268;974.0;999.0;n3300440;n601b;n;0;0;1;0;0;0;0;0;1;0;0;1;0;0;2;1;2;2;0.0;0
273;n_T269;983.0;1008.0;n601b;n3300440;n;0;0;1;0;0;0;0;1;0;0;0;0;1;0;2;2;3;2;8.0;1
274;n_T270;992.0;1017.0;n3300440;n601b;n;0;0;1;0;0;0;0;0;1;0;0;1;0;0;3;2;2;2;4.0;1
275;n_T271;1001.0;1026.0;n601b;n3300440;n;0;0;1;0;0;0;0;1;0;0;0;0;1;0;2;2;4;2;22.0;1
276;n_T272;1010.0;1035.0;n3300440;n601b;n;0;0;1;0;0;0;0;0;1;0;0;1;0;0;1;0;2;2;1.07326e-10;1
277;n_T273;1019.0;1044.0;n601b;n3300440;n;0;0;1;0;0;0;0;1;0;0;0;0;1;0;2;2;2;1;20.0;1
278;n_T274;1028.0;1053.0;n3300440;n601b;n;0;0;1;0;0;0;0;0;1;0;0;1;0;0;3;2;2;2;-10.0;0
279;n_T275;1037.0;1062.0;n601b;n3300440;n;0;0;1;0;0;0;0;1;0;0;0;0;1;0;2;2;3;2;16.0;1
280;n_T276;1046.0;1071.0;n3300440;n601b;n;0;0;1;0;0;0;0;0;1;0;0;1;0;0;3;2;2;2;-32.0;0
281;n_T277;1055.0;1080.0;n601b;n3300440;n;0;0;1;0;0;0;0;1;0;0;0;0;1;0;2;2;3;2;30.0;1
282;n_T278;1064.0;1089.0;n3300440;n601b;n;0;0;1;0;0;0;0;0;1;0;0;1;0;0;3;2;1;1;-8.0;0
283;n_T279;1073.0;1098.0;n601b;n3300440;n;0;0;1;0;0;0;0;1;0;0;0;0;1;0;0;0;3;2;44.0;1
284;n_T280;1082.0;1107.0;n3300440;n601b;n;0;0;1;0;0;0;0;0;1;0;0;1;0;0;2;2;1;1;-20.0;0
285;n_T281;1091.0;1116.0;n601b;n3300440;n;0;0;1;0;0;0;0;1;0;0;0;0;1;0;2;2;3;2;24.0;1
286;n_T282;1100.0;1125.0;n3300440;n601b;n;0;0;1;0;0;0;0;0;1;0;0;1;0;0;3;2;2;2;-38.0;0
287;n_T283;1109.0;1134.0;n601b;n3300440;n;0;0;1;0;0;0;0;1;0;0;0;0;1;0;1;1;2;2;32.0;1
288;n_T284;1118.0;1143.0;n3300440;n601b;n;0;0;1;0;0;0;0;0;1;0;0;1;0;0;2;2;2;2;-20.0;0
289;n_T285;1127.0;1152.0;n601b;n3300440;n;0;0;1;0;0;0;0;1;0;0;0;0;1;0;2;2;1;1;46.0;1
290;n_T286;1136.0;1161.0;n3300440;n601b;n;0;0;1;0;0;0;0;0;1;0;0;1;0;0;1;1;2;2;-24.0;0
291;n_T287;1142.0;1167.0;n601b;n3300440;n;0;0;1;0;0;0;0;1;0;0;0;0;1;0;2;2;1;1;42.0;1
292;n_T288;1148.0;1173.0;n3300440;n601b;n;0;0;1;0;0;0;0;0;1;0;0;1;0;0;2;2;1;1;-32.0;0
293;n_T289;1154.0;1179.0;n601b;n3300440;n;0;0;1;0;0;0;0;1;0;0;0;0;1;0;2;2;2;1;24.0;1
294;n_T290;1160.0;1185.0;n3300440;n601b;n;0;0;1;0;0;0;0;0;1;0;0;1;0;0;2;2;2;2;-28.0;0
295;n_T291;1166.0;1191.0;n601b;n3300440;n;0;0;1;0;0;0;0;1;0;0;0;0;1;0;1;1;2;2;34.0;1
296;n_T292;1172.0;1197.0;n3300440;n601b;n;0;0;1;0;0;0;0;0;1;0;0;1;0;0;1;1;2;2;-32.0;0
297;n_T293;1178.0;1203.0;n601b;n3300440;n;0;0;1;0;0;0;0;1;0;0;0;0;1;0;2;2;1;1;42.0;1
298;n_T294;1184.0;1209.0;n3300440;n601b;n;0;0;1;0;0;0;0;0;1;0;0;1;0;0;2;2;0;0;-24.0;0
299;n_T295;1190.0;1215.0;n601b;n3300440;n;0;0;1;0;0;0;0;1;0;0;0;0;1;0;1;1;0;0;38.0;1
300;n_T296;1196.0;1221.0;n3300440;n601b;n;0;0;1;0;0;0;0;0;1;0;0;1;0;0;2;2;2;2;-48.0;0
301;n_T297;1201.0;1226.0;n601b;n3300440;n;0;0;1;0;0;0;0;1;0;0;0;0;1;0;3;3;2;2;40.0;1
302;n_T298;1206.0;1231.0;n3300440;n601b;n;0;0;1;0;0;0;0;0;1;0;0;1;0;0;2;2;3;3;-36.0;0
303;n_T299;1211.0;1236.0;n601b;n3300440;n;0;0;1;0;0;0;0;1;0;0;0;0;1;0;3;3;2;2;28.0;1
304;n_T300;1216.0;1241.0;n3300440;n601b;n;0;0;1;0;0;0;0;0;1;0;0;1;0;0;2;2;1;1;-24.0;0
305;n_T301;1221.0;1246.0;n601b;n3300440;n;0;0;1;0;0;0;0;1;0;0;0;0;1;0;3;3;2;2;48.0;1
306;n_T302;1226.0;1251.0;n3300440;n601b;n;0;0;1;0;0;0;0;0;1;0;0;1;0;0;3;3;3;3;-40.0;0
307;n_T303;1231.0;1256.0;n601b;n3300440;n;0;0;1;0;0;0;0;1;0;0;0;0;1;0;3;3;3;3;36.0;1
308;n_T304;1236.0;1261.0;n3300440;n601b;n;0;0;1;0;0;0;0;0;1;0;0;1;0;0;2;2;3;3;-24.0;0
309;n_T305;1241.0;1266.0;n601b;n3300440;n;0;0;1;0;0;0;0;1;0;0;0;0;1;0;1;1;2;2;28.0;1
310;n_T306;1246.0;1271.0;n3300440;n601b;n;0;0;1;0;0;0;0;0;1;0;0;1;0;0;3;3;2;2;-38.0;0
311;n_T307;1251.0;1276.0;n601b;n3300440;n;0;0;1;0;0;0;0;1;0;0;0;0;1;0;2;2;3;3;48.0;1
312;n_T308;1256.0;1281.0;n3300440;n601b;n;0;0;1;0;0;0;0;0;1;0;0;1;0;0;2;2;3;3;-28.0;0
313;n_T309;1262.0;1287.0;n601b;n3300440;n;0;0;1;0;0;0;0;1;0;0;0;0;1;0;2;2;1;1;36.0;1
314;n_T310;1268.0;1293.0;n3300440;n601b;n;0;0;1;0;0;0;0;0;1;0;0;1;0;0;2;2;1;1;-24.0;0
315;n_T311;1274.0;1299.0;n601b;n3300440;n;0;0;1;0;0;0;0;1;0;0;0;0;1;0;1;1;1;1;54.0;1
316;n_T312;1280.0;1305.0;n3300440;n601b;n;0;0;1;0;0;0;0;0;1;0;0;1;0;0;1;1;2;2;-28.0;0
317;n_T313;1286.0;1311.0;n601b;n3300440;n;0;0;1;0;0;0;0;1;0;0;0;0;1;0;1;1;2;2;50.0;1
318;n_T314;1292.0;1317.0;n3300440;n601b;n;0;0;1;0;0;0;0;0;1;0;0;1;0;0;2;2;2;2;-28.0;0
319;n_T315;1298.0;1323.0;n601b;n3300440;n;0;0;1;0;0;0;0;1;0;0;0;0;1;0;2;2;2;2;44.0;1
320;n_T316;1304.0;1329.0;n3300440;n601b;n;0;0;1;0;0;0;0;0;1;0;0;1;0;0;2;2;2;2;-28.0;0
321;n_T317;1310.0;1335.0;n601b;n3300440;n;0;0;1;0;0;0;0;1;0;0;0;0;1;0;2;2;2;2;46.0;1
322;n_T318;1316.0;1341.0;n3300440;n601b;n;0;0;1;0;0;0;0;0;1;0;0;1;0;0;1;1;2;2;-34.0;0
323;n_T319;1323.0;1348.0;n601b;n3300440;n;0;0;1;0;0;0;0;1;0;0;0;0;1;0;1;1;2;2;50.0;1
324;n_T320;1330.0;1355.0;n3300440;n601b;n;0;0;1;0;0;0;0;0;1;0;0;1;0;0;0;0;1;1;-34.0;0
325;n_T321;1337.0;1362.0;n601b;n3300440;n;0;0;1;0;0;0;0;1;0;0;0;0;1;0;1;1;1;1;52.0;1
326;n_T322;1344.0;1369.0;n3300440;n601b;n;0;0;1;0;0;0;0;0;1;0;0;1;0;0;0;0;1;1;-48.0;0
327;n_T323;1351.0;1376.0;n601b;n3300440;n;0;0;1;0;0;0;0;1;0;0;0;0;1;0;0;0;2;2;68.0;1
328;n_T324;1358.0;1383.0;n3300440;n601b;n;0;0;1;0;0;0;0;0;1;0;0;1;0;0;1;1;1;1;-36.0;0
329;n_T325;1365.0;1390.0;n601b;n3300440;n;0;0;1;0;0;0;0;1;0;0;0;0;1;0;2;2;0;0;62.0;1
330;n_T326;1372.0;1397.0;n3300440;n601b;n;0;0;1;0;0;0;0;0;1;0;0;1;0;0;1;1;0;0;-50.0;0
331;n_T327;1379.0;1404.0;n601b;n3300440;n;0;0;1;0;0;0;0;1;0;0;0;0;1;0;0;0;1;1;54.0;1
332;n_T328;363.0;404.0;n3300440;n601b;n;0;0;1;0;0;0;0;0;1;0;0;1;0;0;4;3;2;2;62.0;1
333;n_T329;368.0;409.0;n601b;n3300440;n;0;0;1;0;0;0;0;1;0;0;0;0;1;0;3;3;3;2;-40.0;0
334;n_T330;373.0;414.0;n3300440;n601b;n;0;0;1;0;0;0;0;0;1;0;0;1;0;0;2;2;3;3;60.0;1
335;n_T331;378.0;419.0;n601b;n3300440;n;0;0;1;0;0;0;0;1;0;0;0;0;1;0;3;3;4;3;-40.0;0
336;n_T332;383.0;424.0;n3300440;n601b;n;0;0;1;0;0;0;0;0;1;0;0;1;0;0;4;3;3;3;58.0;1
337;n_T333;388.0;429.0;n601b;n3300440;n;0;0;1;0;0;0;0;1;0;0;0;0;1;0;3;3;3;2;-10.0;0
338;n_T334;393.0;434.0;n3300440;n601b;n;0;0;1;0;0;0;0;0;1;0;0;1;0;0;4;3;3;3;60.0;1
339;n_T335;398.0;439.0;n601b;n3300440;n;0;0;1;0;0;0;0;1;0;0;0;0;1;0;3;3;4;3;-34.0;0
340;n_T336;403.0;444.0;n3300440;n601b;n;0;0;1;0;0;0;0;0;1;0;0;1;0;0;4;3;3;3;44.0;1
341;n_T337;408.0;449.0;n601b;n3300440;n;0;0;1;0;0;0;0;1;0;0;0;0;1;0;2;2;3;3;6.0;1
342;n_T338;413.0;454.0;n3300440;n601b;n;0;0;1;0;0;0;0;0;1;0;0;1;0;0;4;3;3;3;76.0;1
343;n_T339;418.0;459.0;n601b;n3300440;n;0;0;1;0;0;0;0;1;0;0;0;0;1;0;5;5;5;4;34.0;1
344;n_T340;423.0;464.0;n3300440;n601b;n;0;0;1;0;0;0;0;0;1;0;0;1;0;0;6;5;4;4;48.0;1
345;n_T341;428.0;469.0;n601b;n3300440;n;0;0;1;0;0;0;0;1;0;0;0;0;1;0;5;5;6;5;18.0;1
346;n_T342;433.0;474.0;n3300440;n601b;n;0;0;1;0;0;0;0;0;1;0;0;1;0;0;3;3;4;4;1010.0;1
347;n_T343;438.0;479.0;n601b;n3300440;n;0;0;1;0;0;0;0;1;0;0;0;0;1;0;3;3;5;4;958.0;1
348;n_T344;443.0;484.0;n3300440;n601b;n;0;0;1;0;0;0;0;0;1;0;0;1;0;0;4;3;3;3;1032.0;1
349;n_T345;448.0;489.0;n601b;n3300440;n;0;0;1;0;0;0;0;1;0;0;0;0;1;0;3;3;4;3;986.0;1
350;n_T346;453.0;494.0;n3300440;n601b;n;0;0;1;0;0;0;0;0;1;0;0;1;0;0;4;3;3;3;998.0;1
351;n_T347;458.0;499.0;n601b;n3300440;n;0;0;1;0;0;0;0;1;0;0;0;0;1;0;5;5;5;4;968.0;1
352;n_T348;463.0;504.0;n3300440;n601b;n;0;0;1;0;0;0;0;0;1;0;0;1;0;0;6;5;4;4;968.0;1
353;n_T349;468.0;509.0;n601b;n3300440;n;0;0;1;0;0;0;0;1;0;0;0;0;1;0;5;5;4;4;988.0;1
354;n_T350;473.0;514.0;n3300440;n601b;n;0;0;1;0;0;0;0;0;1;0;0;1;0;0;2;2;3;3;986.0;1
355;n_T351;478.0;519.0;n601b;n3300440;n;0;0;1;0;0;0;0;1;0;0;0;0;1;0;2;2;4;3;4.0;1
356;n_T352;484.0;525.0;n3300440;n601b;n;0;0;1;0;0;0;0;0;1;0;0;1;0;0;3;2;2;2;30.0;1
357;n_T353;490.0;531.0;n601b;n3300440;n;0;0;1;0;0;0;0;1;0;0;0;0;1;0;2;2;2;2;6.0;1
358;n_T354;496.0;537.0;n3300440;n601b;n;0;0;1;0;0;0;0;0;1;0;0;1;0;0;2;2;2;2;12.0;1
359;n_T355;502.0;543.0;n601b;n3300440;n;0;0;1;0;0;0;0;1;0;0;0;0;1;0;2;2;3;2;4.0;1
360;n_T356;508.0;549.0;n3300440;n601b;n;0;0;1;0;0;0;0;0;1;0;0;1;0;0;3;2;2;2;4.0;1
361;n_T357;514.0;555.0;n601b;n3300440;n;0;0;1;0;0;0;0;1;0;0;0;0;1;0;2;2;2;2;-8.0;0
362;n_T358;520.0;561.0;n3300440;n601b;n;0;0;1;0;0;0;0;0;1;0;0;1;0;0;2;2;2;2;12.0;1
363;n_T359;526.0;567.0;n601b;n3300440;n;0;0;1;0;0;0;0;1;0;0;0;0;1;0;2;2;3;2;0.0;0
364;n_T360;532.0;573.0;n3300440;n601b;n;0;0;1;0;0;0;0;0;1;0;0;1;0;0;1;1;1;1;10.0;1
365;n_T361;538.0;579.0;n601b;n3300440;n;0;0;1;0;0;0;0;1;0;0;0;0;1;0;2;2;1;1;0.0;0
366;n_T362;543.0;584.0;n3300440;n601b;n;0;0;1;0;0;0;0;0;1;0;0;1;0;0;2;2;2;2;2.0;1
367;n_T363;548.0;589.0;n601b;n3300440;n;0;0;1;0;0;0;0;1;0;0;0;0;1;0;3;3;3;3;20.0;1
368;n_T364;553.0;594.0;n3300440;n601b;n;0;0;1;0;0;0;0;0;1;0;0;1;0;0;3;3;3;3;-18.0;0
369;n_T365;558.0;599.0;n601b;n3300440;n;0;0;1;0;0;0;0;1;0;0;0;0;1;0;3;3;3;3;16.0;1
370;n_T366;563.0;604.0;n3300440;n601b;n;0;0;1;0;0;0;0;0;1;0;0;1;0;0;3;3;3;3;8.0;1
371;n_T367;568.0;609.0;n601b;n3300440;n;0;0;1;0;0;0;0;1;0;0;0;0;1;0;3;3;3;3;4.0;1
372;n_T368;573.0;614.0;n3300440;n601b;n;0;0;1;0;0;0;0;0;1;0;0;1;0;0;2;2;1;1;12.0;1
373;n_T369;578.0;619.0;n601b;n3300440;n;0;0;1;0;0;0;0;1;0;0;0;0;1;0;3;3;3;3;-1.8332e-12;0
374;n_T370;583.0;624.0;n3300440;n601b;n;0;0;1;0;0;0;0;0;1;0;0;1;0;0;3;3;3;3;-6.0;0
375;n_T371;588.0;629.0;n601b;n3300440;n;0;0;1;0;0;0;0;1;0;0;0;0;1;0;3;3;3;3;6.0;1
376;n_T372;593.0;634.0;n3300440;n601b;n;0;0;1;0;0;0;0;0;1;0;0;1;0;0;3;3;3;3;4.0;1
377;n_T373;598.0;639.0;n601b;n3300440;n;0;0;1;0;0;0;0;1;0;0;0;0;1;0;2;2;3;3;26.0;1
378;n_T374;603.0;644.0;n3300440;n601b;n;0;0;1;0;0;0;0;0;1;0;0;1;0;0;2;2;2;2;8.0;1
379;n_T375;608.0;649.0;n601b;n3300440;n;0;0;1;0;0;0;0;1;0;0;0;0;1;0;3;3;3;3;-1.74488e-10;0
380;n_T376;613.0;654.0;n3300440;n601b;n;0;0;1;0;0;0;0;0;1;0;0;1;0;0;3;3;2;2;4.0;1
381;n_T377;618.0;659.0;n601b;n3300440;n;0;0;1;0;0;0;0;1;0;0;0;0;1;0;3;3;3;3;-6.0;0
382;n_T378;623.0;664.0;n3300440;n601b;n;0;0;1;0;0;0;0;0;1;0;0;1;0;0;2;2;2;2;8.0;1
383;n_T379;628.0;669.0;n601b;n3300440;n;0;0;1;0;0;0;0;1;0;0;0;0;1;0;2;2;2;2;-3.89804e-11;0
384;n_T380;633.0;674.0;n3300440;n601b;n;0;0;1;0;0;0;0;0;1;0;0;1;0;0;2;2;3;3;0.0;0
385;n_T381;638.0;679.0;n601b;n3300440;n;0;0;1;0;0;0;0;1;0;0;0;0;1;0;3;3;3;3;4.0;1
386;n_T382;643.0;684.0;n3300440;n601b;n;0;0;1;0;0;0;0;0;1;0;0;1;0;0;3;3;3;3;-6.6688e-11;0
387;n_T383;648.0;689.0;n601b;n3300440;n;0;0;1;0;0;0;0;1;0;0;0;0;1;0;2;2;1;1;-1.20016e-10;0
388;n_T384;653.0;694.0;n3300440;n601b;n;0;0;1;0;0;0;0;0;1;0;0;1;0;0;2;2;3;3;-20.0;0
389;n_T385;658.0;699.0;n601b;n3300440;n;0;0;1;0;0;0;0;1;0;0;0;0;1;0;2;2;3;3;4.0;1
390;n_T386;664.0;705.0;n3300440;n601b;n;0;0;1;0;0;0;0;0;1;0;0;1;0;0;1;1;2;2;-6.0;0
391;n_T387;670.0;711.0;n601b;n3300440;n;0;0;1;0;0;0;0;1;0;0;0;0;1;0;1;1;2;2;4.0;1
392;n_T388;676.0;717.0;n3300440;n601b;n;0;0;1;0;0;0;0;0;1;0;0;1;0;0;2;2;1;1;-4.0;0
393;n_T389;682.0;723.0;n601b;n3300440;n;0;0;1;0;0;0;0;1;0;0;0;0;1;0;2;2;1;1;16.0;1
394;n_T390;688.0;729.0;n3300440;n601b;n;0;0;1;0;0;0;0;0;1;0;0;1;0;0;2;2;2;2;-28.0;0
395;n_T391;694.0;735.0;n601b;n3300440;n;0;0;1;0;0;0;0;1;0;0;0;0;1;0;2;2;2;2;20.0;1
396;n_T392;700.0;741.0;n3300440;n601b;n;0;0;1;0;0;0;0;0;1;0;0;1;0;0;1;1;2;2;6.0;1
397;n_T393;706.0;747.0;n601b;n3300440;n;0;0;1;0;0;0;0;1;0;0;0;0;1;0;1;1;2;2;8.0;1
398;n_T394;712.0;753.0;n3300440;n601b;n;0;0;1;0;0;0;0;0;1;0;0;1;0;0;2;2;2;2;0.0;0
399;n_T395;718.0;759.0;n601b;n3300440;n;0;0;1;0;0;0;0;1;0;0;0;0;1;0;2;2;2;2;6.0;1
400;n_T396;727.0;768.0;n3300440;n601b;n;0;0;1;0;0;0;0;0;1;0;0;1;0;0;1;1;2;2;-10.0;0
401;n_T397;736.0;777.0;n601b;n3300440;n;0;0;1;0;0;0;0;1;0;0;0;0;1;0;1;1;1;1;42.0;1
402;n_T398;745.0;786.0;n3300440;n601b;n;0;0;1;0;0;0;0;0;1;0;0;1;0;0;1;1;0;0;-28.0;0
403;n_T399;754.0;795.0;n601b;n3300440;n;0;0;1;0;0;0;0;1;0;0;0;0;1;0;2;2;2;2;2.0;1
404;n_T400;763.0;804.0;n3300440;n601b;n;0;0;1;0;0;0;0;0;1;0;0;1;0;0;1;1;2;2;0.0;0
405;n_T401;772.0;813.0;n601b;n3300440;n;0;0;1;0;0;0;0;1;0;0;0;0;1;0;2;2;2;2;18.0;1
406;n_T402;780.0;821.0;n3300440;n601b;n;0;0;1;0;0;0;0;0;1;0;0;1;0;0;2;2;2;2;-4.0;0
407;n_T403;786.0;827.0;n601b;n3300440;n;0;0;1;0;0;0;0;1;0;0;0;0;1;0;2;2;2;2;28.0;1
408;n_T404;792.0;833.0;n3300440;n601b;n;0;0;1;0;0;0;0;0;1;0;0;1;0;0;2;2;2;2;1.6079e-10;1
409;n_T405;798.0;839.0;n601b;n3300440;n;0;0;1;0;0;0;0;1;0;0;0;0;1;0;1;1;2;2;52.0;1
410;n_T406;804.0;845.0;n3300440;n601b;n;0;0;1;0;0;0;0;0;1;0;0;1;0;0;1;1;2;2;0.0;0
411;n_T407;810.0;851.0;n601b;n3300440;n;0;0;1;0;0;0;0;1;0;0;0;0;1;0;1;1;2;2;12.0;1
412;n_T408;816.0;857.0;n3300440;n601b;n;0;0;1;0;0;0;0;0;1;0;0;1;0;0;2;2;2;2;-1.22213e-12;0
413;n_T409;822.0;863.0;n601b;n3300440;n;0;0;1;0;0;0;0;1;0;0;0;0;1;0;1;1;1;1;6.0;1
414;n_T410;828.0;869.0;n3300440;n601b;n;0;0;1;0;0;0;0;0;1;0;0;1;0;0;1;1;1;1;12.0;1
415;n_T411;834.0;875.0;n601b;n3300440;n;0;0;1;0;0;0;0;1;0;0;0;0;1;0;1;1;0;0;2.0;1
416;n_T412;840.0;881.0;n3300440;n601b;n;0;0;1;0;0;0;0;0;1;0;0;1;0;0;2;2;1;1;0.0;0
417;n_T413;846.0;887.0;n601b;n3300440;n;0;0;1;0;0;0;0;1;0;0;0;0;1;0;2;2;1;1;4.0;1
418;n_T414;852.0;893.0;n3300440;n601b;n;0;0;1;0;0;0;0;0;1;0;0;1;0;0;2;2;2;2;-8.0;0
419;n_T415;858.0;899.0;n601b;n3300440;n;0;0;1;0;0;0;0;1;0;0;0;0;1;0;2;2;2;2;4.0;1
420;n_T416;864.0;905.0;n3300440;n601b;n;0;0;1;0;0;0;0;0;1;0;0;1;0;0;2;2;2;2;-20.0;0
421;n_T417;870.0;911.0;n601b;n3300440;n;0;0;1;0;0;0;0;1;0;0;0;0;1;0;2;2;2;2;-8.0;0
422;n_T418;876.0;917.0;n3300440;n601b;n;0;0;1;0;0;0;0;0;1;0;0;1;0;0;2;2;2;2;-8.0;0
423;n_T419;882.0;923.0;n601b;n3300440;n;0;0;1;0;0;0;0;1;0;0;0;0;1;0;1;1;2;2;4.0;1
424;n_T420;888.0;929.0;n3300440;n601b;n;0;0;1;0;0;0;0;0;1;0;0;1;0;0;1;1;2;2;0.0;0
425;n_T421;894.0;935.0;n601b;n3300440;n;0;0;1;0;0;0;0;1;0;0;0;0;1;0;0;0;1;1;12.0;1
426;n_T422;900.0;941.0;n3300440;n601b;n;0;0;1;0;0;0;0;0;1;0;0;1;0;0;3;2;1;1;4.0;1
427;n_T423;905.0;946.0;n601b;n3300440;n;0;0;1;0;0;0;0;1;0;0;0;0;1;0;3;3;3;2;24.0;1
428;n_T424;910.0;951.0;n3300440;n601b;n;0;0;1;0;0;0;0;0;1;0;0;1;0;0;4;3;2;2;6.0;1
429;n_T425;915.0;956.0;n601b;n3300440;n;0;0;1;0;0;0;0;1;0;0;0;0;1;0;3;3;3;3;8.0;1
430;n_T426;920.0;961.0;n3300440;n601b;n;0;0;1;0;0;0;0;0;1;0;0;1;0;0;2;2;2;2;10.0;1
431;n_T427;925.0;966.0;n601b;n3300440;n;0;0;1;0;0;0;0;1;0;0;0;0;1;0;2;2;3;2;0.0;0
432;n_T428;930.0;971.0;n3300440;n601b;n;0;0;1;0;0;0;0;0;1;0;0;1;0;0;3;2;3;3;-10.0;0
433;n_T429;935.0;976.0;n601b;n3300440;n;0;0;1;0;0;0;0;1;0;0;0;0;1;0;3;3;3;3;24.0;1
434;n_T430;940.0;981.0;n3300440;n601b;n;0;0;1;0;0;0;0;0;1;0;0;1;0;0;3;3;3;3;10.0;1
435;n_T431;945.0;986.0;n601b;n3300440;n;0;0;1;0;0;0;0;1;0;0;0;0;1;0;2;2;2;1;16.0;1
436;n_T432;950.0;991.0;n3300440;n601b;n;0;0;1;0;0;0;0;0;1;0;0;1;0;0;3;2;3;3;10.0;1
437;n_T433;955.0;996.0;n601b;n3300440;n;0;0;1;0;0;0;0;1;0;0;0;0;1;0;2;2;4;3;16.0;1
438;n_T434;961.0;1002.0;n3300440;n601b;n;0;0;1;0;0;0;0;0;1;0;0;1;0;0;2;1;2;2;0.0;0
439;n_T435;967.0;1008.0;n601b;n3300440;n;0;0;1;0;0;0;0;1;0;0;0;0;1;0;1;1;3;2;16.0;1
440;n_T436;973.0;1014.0;n3300440;n601b;n;0;0;1;0;0;0;0;0;1;0;0;1;0;0;3;2;1;1;0.0;0
441;n_T437;979.0;1020.0;n601b;n3300440;n;0;0;1;0;0;0;0;1;0;0;0;0;1;0;2;2;2;1;42.0;1
442;n_T438;985.0;1026.0;n3300440;n601b;n;0;0;1;0;0;0;0;0;1;0;0;1;0;0;4;2;2;2;6.0;1
443;n_T439;991.0;1032.0;n601b;n3300440;n;0;0;1;0;0;0;0;1;0;0;0;0;1;0;2;2;3;2;8.0;1
444;n_T440;997.0;1038.0;n3300440;n601b;n;0;0;1;0;0;0;0;0;1;0;0;1;0;0;1;0;1;1;-1.2929e-10;0
445;n_T441;1003.0;1044.0;n601b;n3300440;n;0;0;1;0;0;0;0;1;0;0;0;0;1;0;0;0;2;1;28.0;1
446;n_T442;1009.0;1050.0;n3300440;n601b;n;0;0;1;0;0;0;0;0;1;0;0;1;0;0;2;1;0;0;-2.0;0
447;n_T443;1015.0;1056.0;n601b;n3300440;n;0;0;1;0;0;0;0;1;0;0;0;0;1;0;2;2;2;1;28.0;1
448;n_T444;1022.0;1063.0;n3300440;n601b;n;0;0;1;0;0;0;0;0;1;0;0;1;0;0;2;2;2;2;-2.0;0
449;n_T445;1029.0;1070.0;n601b;n3300440;n;0;0;1;0;0;0;0;1;0;0;0;0;1;0;2;2;3;2;28.0;1
450;n_T446;1036.0;1077.0;n3300440;n601b;n;0;0;1;0;0;0;0;0;1;0;0;1;0;0;2;2;2;2;-8.0;0
451;n_T447;1043.0;1084.0;n601b;n3300440;n;0;0;1;0;0;0;0;1;0;0;0;0;1;0;1;1;3;2;30.0;1
452;n_T448;1050.0;1091.0;n3300440;n601b;n;0;0;1;0;0;0;0;0;1;0;0;1;0;0;2;1;2;2;-8.0;0
453;n_T449;1057.0;1098.0;n601b;n3300440;n;0;0;1;0;0;0;0;1;0;0;0;0;1;0;1;1;3;2;38.0;1
454;n_T450;1064.0;1105.0;n3300440;n601b;n;0;0;1;0;0;0;0;0;1;0;0;1;0;0;3;2;1;1;-8.0;0
455;n_T451;1071.0;1112.0;n601b;n3300440;n;0;0;1;0;0;0;0;1;0;0;0;0;1;0;2;2;1;1;40.0;1
456;n_T452;1078.0;1119.0;n3300440;n601b;n;0;0;1;0;0;0;0;0;1;0;0;1;0;0;2;2;1;1;-22.0;0
457;n_T453;1085.0;1126.0;n601b;n3300440;n;0;0;1;0;0;0;0;1;0;0;0;0;1;0;1;1;1;1;40.0;1
458;n_T454;1092.0;1133.0;n3300440;n601b;n;0;0;1;0;0;0;0;0;1;0;0;1;0;0;2;2;2;2;-16.0;0
459;n_T455;1099.0;1140.0;n601b;n3300440;n;0;0;1;0;0;0;0;1;0;0;0;0;1;0;2;2;2;2;32.0;1
460;n_T456;1106.0;1147.0;n3300440;n601b;n;0;0;1;0;0;0;0;0;1;0;0;1;0;0;2;1;2;2;-20.0;0
461;n_T457;1113.0;1154.0;n601b;n3300440;n;0;0;1;0;0;0;0;1;0;0;0;0;1;0;1;1;2;2;40.0;1
462;n_T458;1120.0;1161.0;n3300440;n601b;n;0;0;1;0;0;0;0;0;1;0;0;1;0;0;1;1;2;2;-20.0;0
463;n_T459;1127.0;1168.0;n601b;n3300440;n;0;0;1;0;0;0;0;1;0;0;0;0;1;0;2;2;2;2;46.0;1
464;n_T460;1134.0;1175.0;n3300440;n601b;n;0;0;1;0;0;0;0;0;1;0;0;1;0;0;2;2;2;2;-36.0;0
465;n_T461;1143.0;1184.0;n601b;n3300440;n;0;0;1;0;0;0;0;1;0;0;0;0;1;0;1;1;2;2;24.0;1
466;n_T462;1152.0;1193.0;n3300440;n601b;n;0;0;1;0;0;0;0;0;1;0;0;1;0;0;2;2;2;2;-24.0;0
467;n_T463;1161.0;1202.0;n601b;n3300440;n;0;0;1;0;0;0;0;1;0;0;0;0;1;0;1;1;0;0;24.0;1
468;n_T464;1170.0;1211.0;n3300440;n601b;n;0;0;1;0;0;0;0;0;1;0;0;1;0;0;2;2;2;2;-28.0;0
469;n_T465;1179.0;1220.0;n601b;n3300440;n;0;0;1;0;0;0;0;1;0;0;0;0;1;0;1;1;2;2;44.0;1
470;n_T466;1188.0;1229.0;n3300440;n601b;n;0;0;1;0;0;0;0;0;1;0;0;1;0;0;2;2;2;2;-32.0;0
471;n_T467;1197.0;1238.0;n601b;n3300440;n;0;0;1;0;0;0;0;1;0;0;0;0;1;0;2;2;2;2;32.0;1
472;n_T468;1204.0;1245.0;n3300440;n601b;n;0;0;1;0;0;0;0;0;1;0;0;1;0;0;2;2;2;2;-28.0;0
473;n_T469;1211.0;1252.0;n601b;n3300440;n;0;0;1;0;0;0;0;1;0;0;0;0;1;0;3;3;2;2;32.0;1
474;n_T470;1218.0;1259.0;n3300440;n601b;n;0;0;1;0;0;0;0;0;1;0;0;1;0;0;1;1;1;1;-24.0;0
475;n_T471;1225.0;1266.0;n601b;n3300440;n;0;0;1;0;0;0;0;1;0;0;0;0;1;0;1;1;2;2;28.0;1
476;n_T472;1232.0;1273.0;n3300440;n601b;n;0;0;1;0;0;0;0;0;1;0;0;1;0;0;1;1;1;1;-42.0;0
477;n_T473;1239.0;1280.0;n601b;n3300440;n;0;0;1;0;0;0;0;1;0;0;0;0;1;0;2;2;2;2;56.0;1
478;n_T474;1246.0;1287.0;n3300440;n601b;n;0;0;1;0;0;0;0;0;1;0;0;1;0;0;3;3;2;2;-24.0;0
479;n_T475;1253.0;1294.0;n601b;n3300440;n;0;0;1;0;0;0;0;1;0;0;0;0;1;0;2;2;2;2;52.0;1
480;n_T476;1260.0;1301.0;n3300440;n601b;n;0;0;1;0;0;0;0;0;1;0;0;1;0;0;2;2;2;2;-24.0;0
481;n_T477;1266.0;1307.0;n601b;n3300440;n;0;0;1;0;0;0;0;1;0;0;0;0;1;0;2;2;2;2;46.0;1
482;n_T478;1272.0;1313.0;n3300440;n601b;n;0;0;1;0;0;0;0;0;1;0;0;1;0;0;2;2;2;2;-40.0;0
483;n_T479;1278.0;1319.0;n601b;n3300440;n;0;0;1;0;0;0;0;1;0;0;0;0;1;0;2;2;2;2;64.0;1
484;n_T480;1284.0;1325.0;n3300440;n601b;n;0;0;1;0;0;0;0;0;1;0;0;1;0;0;2;2;2;2;-28.0;0
485;n_T481;1290.0;1331.0;n601b;n3300440;n;0;0;1;0;0;0;0;1;0;0;0;0;1;0;2;2;2;2;42.0;1
486;n_T482;1296.0;1337.0;n3300440;n601b;n;0;0;1;0;0;0;0;0;1;0;0;1;0;0;2;2;2;2;-28.0;0
487;n_T483;1302.0;1343.0;n601b;n3300440;n;0;0;1;0;0;0;0;1;0;0;0;0;1;0;1;1;1;1;52.0;1
488;n_T484;1308.0;1349.0;n3300440;n601b;n;0;0;1;0;0;0;0;0;1;0;0;1;0;0;1;1;1;1;-46.0;0
489;n_T485;1314.0;1355.0;n601b;n3300440;n;0;0;1;0;0;0;0;1;0;0;0;0;1;0;1;1;1;1;54.0;1
490;n_T486;1323.0;1364.0;n3300440;n601b;n;0;0;1;0;0;0;0;0;1;0;0;1;0;0;2;2;2;2;-42.0;0
491;n_T487;1332.0;1373.0;n601b;n3300440;n;0;0;1;0;0;0;0;1;0;0;0;0;1;0;2;2;1;1;58.0;1
492;n_T488;1341.0;1382.0;n3300440;n601b;n;0;0;1;0;0;0;0;0;1;0;0;1;0;0;1;1;0;0;-36.0;0
493;n_T489;1350.0;1391.0;n601b;n3300440;n;0;0;1;0;0;0;0;1;0;0;0;0;1;0;1;1;1;1;66.0;1
494;n_T490;1359.0;1400.0;n3300440;n601b;n;0;0;1;0;0;0;0;0;1;0;0;1;0;0;0;0;1;1;-36.0;0
495;n_T491;1368.0;1409.0;n601b;n3300440;n;0;0;1;0;0;0;0;1;0;0;0;0;1;0;1;1;2;2;68.0;1
496;n_T492;1377.0;1418.0;n3300440;n601b;n;0;0;1;0;0;0;0;0;1;0;0;1;0;0;0;0;0;0;-50.0;0
497;n_T493;360.0;396.0;n3300440;n3400167;n;0;0;1;0;0;0;0;0;1;0;0;0;0;1;2;0;0;0;34.0;1
498;n_T494;366.0;402.0;n3400167;n3300440;n;0;0;1;0;0;0;0;0;0;1;0;0;1;0;0;0;1;0;6.0;1
499;n_T495;372.0;408.0;n3300440;n3400167;n;0;0;1;0;0;0;0;0;1;0;0;0;0;1;2;0;0;0;14.0;1
500;n_T496;378.0;414.0;n3400167;n3300440;n;0;0;1;0;0;0;0;0;0;1;0;0;1;0;0;0;2;0;2.0;1
501;n_T497;384.0;420.0;n3300440;n3400167;n;0;0;1;0;0;0;0;0;1;0;0;0;0;1;3;0;0;0;42.0;1
502;n_T498;390.0;426.0;n3400167;n3300440;n;0;0;1;0;0;0;0;0;0;1;0;0;1;0;0;0;3;0;44.0;1
503;n_T499;396.0;432.0;n3300440;n3400167;n;0;0;1;0;0;0;0;0;1;0;0;0;0;1;3;0;0;0;16.0;1
504;n_T500;402.0;438.0;n3400167;n3300440;n;0;0;1;0;0;0;0;0;0;1;0;0;1;0;0;0;3;0;0.0;0
505;n_T501;408.0;444.0;n3300440;n3400167;n;0;0;1;0;0;0;0;0;1;0;0;0;0;1;3;0;0;0;24.0;1
506;n_T502;414.0;450.0;n3400167;n3300440;n;0;0;1;0;0;0;0;0;0;1;0;0;1;0;0;0;3;0;56.0;1
507;n_T503;420.0;456.0;n3300440;n3400167;n;0;0;1;0;0;0;0;0;1;0;0;0;0;1;3;0;0;0;12.0;1
508;n_T504;426.0;462.0;n3400167;n3300440;n;0;0;1;0;0;0;0;0;0;1;0;0;1;0;0;0;4;0;52.0;1
509;n_T505;432.0;468.0;n3300440;n3400167;n;0;0;1;0;0;0;0;0;1;0;0;0;0;1;5;0;0;0;1016.0;1
510;n_T506;438.0;474.0;n3400167;n3300440;n;0;0;1;0;0;0;0;0;0;1;0;0;1;0;0;0;3;0;1022.0;1
511;n_T507;444.0;480.0;n3300440;n3400167;n;0;0;1;0;0;0;0;0;1;0;0;0;0;1;3;0;0;0;1074.0;1
512;n_T508;450.0;486.0;n3400167;n3300440;n;0;0;1;0;0;0;0;0;0;1;0;0;1;0;0;0;4;0;1020.0;1
513;n_T509;456.0;492.0;n3300440;n3400167;n;0;0;1;0;0;0;0;0;1;0;0;0;0;1;5;0;0;0;1014.0;1
514;n_T510;462.0;498.0;n3400167;n3300440;n;0;0;1;0;0;0;0;0;0;1;0;0;1;0;0;0;3;0;1030.0;1
515;n_T511;468.0;504.0;n3300440;n3400167;n;0;0;1;0;0;0;0;0;1;0;0;0;0;1;3;0;0;0;1020.0;1
516;n_T512;474.0;510.0;n3400167;n3300440;n;0;0;1;0;0;0;0;0;0;1;0;0;1;0;0;0;3;0;0.0;0
517;n_T513;488.0;524.0;n3300440;n3400167;n;0;0;1;0;0;0;0;0;1;0;0;0;0;1;3;0;0;0;20.0;1
518;n_T514;502.0;538.0;n3400167;n3300440;n;0;0;1;0;0;0;0;0;0;1;0;0;1;0;0;0;3;0;-2.0;0
519;n_T515;516.0;552.0;n3300440;n3400167;n;0;0;1;0;0;0;0;0;1;0;0;0;0;1;3;0;0;0;54.0;1
520;n_T516;530.0;566.0;n3400167;n3300440;n;0;0;1;0;0;0;0;0;0;1;0;0;1;0;0;0;1;0;1.21645e-10;1
521;n_T517;900.0;936.0;n3300440;n3400167;n;0;0;1;0;0;0;0;0;1;0;0;0;0;1;3;0;0;0;18.0;1
522;n_T518;909.0;945.0;n3400167;n3300440;n;0;0;1;0;0;0;0;0;0;1;0;0;1;0;0;0;2;0;54.0;1
523;n_T519;918.0;954.0;n3300440;n3400167;n;0;0;1;0;0;0;0;0;1;0;0;0;0;1;2;0;0;0;-20.0;0
524;n_T520;927.0;963.0;n3400167;n3300440;n;0;0;1;0;0;0;0;0;0;1;0;0;1;0;0;0;3;0;56.0;1
525;n_T521;936.0;972.0;n3300440;n3400167;n;0;0;1;0;0;0;0;0;1;0;0;0;0;1;2;0;0;0;0.0;0
526;n_T522;945.0;981.0;n3400167;n3300440;n;0;0;1;0;0;0;0;0;0;1;0;0;1;0;0;0;3;0;12.0;1
527;n_T523;954.0;990.0;n3300440;n3400167;n;0;0;1;0;0;0;0;0;1;0;0;0;0;1;2;0;0;0;-24.0;0
528;n_T524;960.0;996.0;n3400167;n3300440;n;0;0;1;0;0;0;0;0;0;1;0;0;1;0;1;1;4;0;44.0;1
529;n_T525;965.0;1001.0;n3300440;n3400167;n;0;0;1;0;0;0;0;0;1;0;0;0;0;1;4;1;0;0;0.0;0
530;n_T526;970.0;1006.0;n3400167;n3300440;n;0;0;1;0;0;0;0;0;0;1;0;0;1;0;1;1;3;1;70.0;1
531;n_T527;975.0;1011.0;n3300440;n3400167;n;0;0;1;0;0;0;0;0;1;0;0;0;0;1;3;1;1;1;56.0;1
532;n_T528;980.0;1016.0;n3400167;n3300440;n;0;0;1;0;0;0;0;0;0;1;0;0;1;0;1;1;3;1;34.0;1
533;n_T529;985.0;1021.0;n3300440;n3400167;n;0;0;1;0;0;0;0;0;1;0;0;0;0;1;4;1;1;1;36.0;1
534;n_T530;990.0;1026.0;n3400167;n3300440;n;0;0;1;0;0;0;0;0;0;1;0;0;1;0;1;1;4;1;42.0;1
535;n_T531;995.0;1031.0;n3300440;n3400167;n;0;0;1;0;0;0;0;0;1;0;0;0;0;1;2;1;1;1;46.0;1
536;n_T532;1000.0;1036.0;n3400167;n3300440;n;0;0;1;0;0;0;0;0;0;1;0;0;1;0;1;1;4;1;62.0;1
537;n_T533;1005.0;1041.0;n3300440;n3400167;n;0;0;1;0;0;0;0;0;1;0;0;0;0;1;4;1;1;1;18.0;1
538;n_T534;1010.0;1046.0;n3400167;n3300440;n;0;0;1;0;0;0;0;0;0;1;0;0;1;0;0;0;4;1;44.0;1
539;n_T535;1015.0;1051.0;n3300440;n3400167;n;0;0;1;0;0;0;0;0;1;0;0;0;0;1;2;0;1;1;42.0;1
540;n_T536;1024.0;1060.0;n3400167;n3300440;n;0;0;1;0;0;0;0;0;0;1;0;0;1;0;0;0;2;0;-6.0;0
541;n_T537;1033.0;1069.0;n3300440;n3400167;n;0;0;1;0;0;0;0;0;1;0;0;0;0;1;2;0;0;0;0.0;0
542;n_T538;1042.0;1078.0;n3400167;n3300440;n;0;0;1;0;0;0;0;0;0;1;0;0;1;0;0;0;2;0;0.0;0
543;n_T539;1051.0;1087.0;n3300440;n3400167;n;0;0;1;0;0;0;0;0;1;0;0;0;0;1;0;0;0;0;32.0;1
544;n_T540;1060.0;1096.0;n3400167;n3300440;n;0;0;1;0;0;0;0;0;0;1;0;0;1;0;0;0;1;0;0.0;0
545;n_T541;1069.0;1105.0;n3300440;n3400167;n;0;0;1;0;0;0;0;0;1;0;0;0;0;1;2;0;0;0;10.0;1
546;n_T542;1078.0;1114.0;n3400167;n3300440;n;0;0;1;0;0;0;0;0;0;1;0;0;1;0;0;0;1;0;32.0;1
547;n_T543;1106.0;1142.0;n3300440;n3400167;n;0;0;1;0;0;0;0;0;1;0;0;0;0;1;2;0;0;0;28.0;1
548;n_T544;1134.0;1170.0;n3400167;n3300440;n;0;0;1;0;0;0;0;0;0;1;0;0;1;0;0;0;3;0;56.0;1
549;w_H0_P0;270.0;270.0;n3300440;n3300440;w;0;0;0;1;0;0;0;0;1;0;0;0;1;0;0;0;0;0;0.0;0
550;c_H0_P0;270.0;270.0;n3300440;n3300440;c;0;0;0;0;1;0;0;0;1;0;0;0;1;0;0;0;0;0;0.0;0
551;w_H0_P1;285.0;285.0;n3300440;n3300440;w;0;0;0;1;0;0;0;0;1;0;0;0;1;0;0;0;0;0;0.0;0
552;c_H0_P1;285.0;285.0;n3300440;n3300440;c;0;0;0;0;1;0;0;0;1;0;0;0;1;0;0;0;0;0;0.0;0
553;w_H0_P2;300.0;300.0;n3300440;n3300440;w;0;0;0;1;0;0;0;0;1;0;0;0;1;0;0;0;0;0;0.0;0
554;c_H0_P2;300.0;300.0;n3300440;n3300440;c;0;0;0;0;1;0;0;0;1;0;0;0;1;0;0;0;0;0;0.0;0
555;w_H0_P3;315.0;315.0;n3300440;n3300440;w;0;0;0;1;0;0;0;0;1;0;0;0;1;0;0;0;0;0;0.0;0
556;c_H0_P3;315.0;315.0;n3300440;n3300440;c;0;0;0;0;1;0;0;0;1;0;0;0;1;0;0;0;0;0;0.0;0
557;w_H0_P4;330.0;330.0;n3300440;n3300440;w;0;0;0;1;0;0;0;0;1;0;0;0;1;0;0;0;0;0;0.0;0
558;c_H0_P4;330.0;330.0;n3300440;n3300440;c;0;0;0;0;1;0;0;0;1;0;0;0;1;0;0;0;0;0;0.0;0
559;w_H0_P5;345.0;345.0;n3300440;n3300440;w;0;0;0;1;0;0;0;0;1;0;0;0;1;0;0;0;0;0;0.0;0
560;c_H0_P5;345.0;345.0;n3300440;n3300440;c;0;0;0;0;1;0;0;0;1;0;0;0;1;0;0;0;0;0;0.0;0
561;w_H0_P6;360.0;360.0;n3300440;n3300440;w;0;0;0;1;0;0;0;0;1;0;0;0;1;0;0;0;0;0;0.0;0
562;c_H0_P6;360.0;360.0;n3300440;n3300440;c;0;0;0;0;1;0;0;0;1;0;0;0;1;0;0;0;0;0;0.0;0
563;w_H0_P7;375.0;375.0;n3300440;n3300440;w;0;0;0;1;0;0;0;0;1;0;0;0;1;0;0;0;0;0;0.0;0
564;c_H0_P7;375.0;375.0;n3300440;n3300440;c;0;0;0;0;1;0;0;0;1;0;0;0;1;0;0;0;0;0;0.0;0
565;w_H0_P8;390.0;390.0;n3300440;n3300440;w;0;0;0;1;0;0;0;0;1;0;0;0;1;0;0;0;0;0;0.0;0
566;c_H0_P8;390.0;390.0;n3300440;n3300440;c;0;0;0;0;1;0;0;0;1;0;0;0;1;0;0;0;0;0;0.0;0
567;w_H0_P9;405.0;405.0;n3300440;n3300440;w;0;0;0;1;0;0;0;0;1;0;0;0;1;0;0;0;0;0;0.0;0
568;c_H0_P9;405.0;405.0;n3300440;n3300440;c;0;0;0;0;1;0;0;0;1;0;0;0;1;0;0;0;0;0;0.0;0
569;w_H0_P10;420.0;420.0;n3300440;n3300440;w;0;0;0;1;0;0;0;0;1;0;0;0;1;0;0;0;0;0;0.0;0
570;c_H0_P10;420.0;420.0;n3300440;n3300440;c;0;0;0;0;1;0;0;0;1;0;0;0;1;0;0;0;0;0;0.0;0
571;w_H0_P11;435.0;435.0;n3300440;n3300440;w;0;0;0;1;0;0;0;0;1;0;0;0;1;0;0;0;0;0;0.0;0
572;c_H0_P11;435.0;435.0;n3300440;n3300440;c;0;0;0;0;1;0;0;0;1;0;0;0;1;0;0;0;0;0;0.0;0
573;w_H0_P12;450.0;450.0;n3300440;n3300440;w;0;0;0;1;0;0;0;0;1;0;0;0;1;0;0;0;0;0;0.0;0
574;c_H0_P12;450.0;450.0;n3300440;n3300440;c;0;0;0;0;1;0;0;0;1;0;0;0;1;0;0;0;0;0;0.0;0
575;w_H0_P13;465.0;465.0;n3300440;n3300440;w;0;0;0;1;0;0;0;0;1;0;0;0;1;0;0;0;0;0;0.0;0
576;c_H0_P13;465.0;465.0;n3300440;n3300440;c;0;0;0;0;1;0;0;0;1;0;0;0;1;0;0;0;0;0;0.0;0
577;w_H0_P14;480.0;480.0;n3300440;n3300440;w;0;0;0;1;0;0;0;0;1;0;0;0;1;0;0;0;0;0;0.0;0
578;c_H0_P14;480.0;480.0;n3300440;n3300440;c;0;0;0;0;1;0;0;0;1;0;0;0;1;0;0;0;0;0;0.0;0
579;w_H0_P15;495.0;495.0;n3300440;n3300440;w;0;0;0;1;0;0;0;0;1;0;0;0;1;0;0;0;0;0;0.0;0
580;c_H0_P15;495.0;495.0;n3300440;n3300440;c;0;0;0;0;1;0;0;0;1;0;0;0;1;0;0;0;0;0;0.0;0
581;w_H0_P16;510.0;510.0;n3300440;n3300440;w;0;0;0;1;0;0;0;0;1;0;0;0;1;0;0;0;0;0;0.0;0
582;c_H0_P16;510.0;510.0;n3300440;n3300440;c;0;0;0;0;1;0;0;0;1;0;0;0;1;0;0;0;0;0;0.0;0
583;w_H0_P17;525.0;525.0;n3300440;n3300440;w;0;0;0;1;0;0;0;0;1;0;0;0;1;0;0;0;0;0;0.0;0
584;c_H0_P17;525.0;525.0;n3300440;n3300440;c;0;0;0;0;1;0;0;0;1;0;0;0;1;0;0;0;0;0;0.0;0
585;w_H0_P18;540.0;540.0;n3300440;n3300440;w;0;0;0;1;0;0;0;0;1;0;0;0;1;0;0;0;0;0;0.0;0
586;c_H0_P18;540.0;540.0;n3300440;n3300440;c;0;0;0;0;1;0;0;0;1;0;0;0;1;0;0;0;0;0;0.0;0
587;w_H0_P19;555.0;555.0;n3300440;n3300440;w;0;0;0;1;0;0;0;0;1;0;0;0;1;0;0;0;0;0;0.0;0
588;c_H0_P19;555.0;555.0;n3300440;n3300440;c;0;0;0;0;1;0;0;0;1;0;0;0;1;0;0;0;0;0;0.0;0
589;w_H0_P20;570.0;570.0;n3300440;n3300440;w;0;0;0;1;0;0;0;0;1;0;0;0;1;0;0;0;0;0;0.0;0
590;c_H0_P20;570.0;570.0;n3300440;n3300440;c;0;0;0;0;1;0;0;0;1;0;0;0;1;0;0;0;0;0;0.0;0
591;w_H0_P21;585.0;585.0;n3300440;n3300440;w;0;0;0;1;0;0;0;0;1;0;0;0;1;0;0;0;0;0;0.0;0
592;c_H0_P21;585.0;585.0;n3300440;n3300440;c;0;0;0;0;1;0;0;0;1;0;0;0;1;0;0;0;0;0;0.0;0
593;w_H0_P22;600.0;600.0;n3300440;n3300440;w;0;0;0;1;0;0;0;0;1;0;0;0;1;0;0;0;0;0;0.0;0
594;c_H0_P22;600.0;600.0;n3300440;n3300440;c;0;0;0;0;1;0;0;0;1;0;0;0;1;0;0;0;0;0;0.0;0
595;w_H0_P23;615.0;615.0;n3300440;n3300440;w;0;0;0;1;0;0;0;0;1;0;0;0;1;0;0;0;0;0;0.0;0
596;c_H0_P23;615.0;615.0;n3300440;n3300440;c;0;0;0;0;1;0;0;0;1;0;0;0;1;0;0;0;0;0;0.0;0
597;w_H0_P24;630.0;630.0;n3300440;n3300440;w;0;0;0;1;0;0;0;0;1;0;0;0;1;0;0;0;0;0;0.0;0
598;c_H0_P24;630.0;630.0;n3300440;n3300440;c;0;0;0;0;1;0;0;0;1;0;0;0;1;0;0;0;0;0;0.0;0
599;w_H0_P25;645.0;645.0;n3300440;n3300440;w;0;0;0;1;0;0;0;0;1;0;0;0;1;0;0;0;0;0;0.0;0
600;c_H0_P25;645.0;645.0;n3300440;n3300440;c;0;0;0;0;1;0;0;0;1;0;0;0;1;0;0;0;0;0;0.0;0
601;w_H0_P26;660.0;660.0;n3300440;n3300440;w;0;0;0;1;0;0;0;0;1;0;0;0;1;0;0;0;0;0;0.0;0
602;c_H0_P26;660.0;660.0;n3300440;n3300440;c;0;0;0;0;1;0;0;0;1;0;0;0;1;0;0;0;0;0;0.0;0
603;w_H0_P27;675.0;675.0;n3300440;n3300440;w;0;0;0;1;0;0;0;0;1;0;0;0;1;0;0;0;0;0;0.0;0
604;c_H0_P27;675.0;675.0;n3300440;n3300440;c;0;0;0;0;1;0;0;0;1;0;0;0;1;0;0;0;0;0;0.0;0
605;w_H0_P28;690.0;690.0;n3300440;n3300440;w;0;0;0;1;0;0;0;0;1;0;0;0;1;0;0;0;0;0;0.0;0
606;c_H0_P28;690.0;690.0;n3300440;n3300440;c;0;0;0;0;1;0;0;0;1;0;0;0;1;0;0;0;0;0;0.0;0
607;w_H0_P29;705.0;705.0;n3300440;n3300440;w;0;0;0;1;0;0;0;0;1;0;0;0;1;0;0;0;0;0;0.0;0
608;c_H0_P29;705.0;705.0;n3300440;n3300440;c;0;0;0;0;1;0;0;0;1;0;0;0;1;0;0;0;0;0;0.0;0
609;w_H0_P30;720.0;720.0;n3300440;n3300440;w;0;0;0;1;0;0;0;0;1;0;0;0;1;0;0;0;0;0;0.0;0
610;c_H0_P30;720.0;720.0;n3300440;n3300440;c;0;0;0;0;1;0;0;0;1;0;0;0;1;0;0;0;0;0;0.0;0
611;w_H0_P31;735.0;735.0;n3300440;n3300440;w;0;0;0;1;0;0;0;0;1;0;0;0;1;0;0;0;0;0;0.0;0
612;c_H0_P31;735.0;735.0;n3300440;n3300440;c;0;0;0;0;1;0;0;0;1;0;0;0;1;0;0;0;0;0;0.0;0
613;w_H0_P32;750.0;750.0;n3300440;n3300440;w;0;0;0;1;0;0;0;0;1;0;0;0;1;0;0;0;0;0;0.0;0
614;c_H0_P32;750.0;750.0;n3300440;n3300440;c;0;0;0;0;1;0;0;0;1;0;0;0;1;0;0;0;0;0;0.0;0
615;w_H0_P33;765.0;765.0;n3300440;n3300440;w;0;0;0;1;0;0;0;0;1;0;0;0;1;0;0;0;0;0;0.0;0
616;c_H0_P33;765.0;765.0;n3300440;n3300440;c;0;0;0;0;1;0;0;0;1;0;0;0;1;0;0;0;0;0;0.0;0
617;w_H0_P34;780.0;780.0;n3300440;n3300440;w;0;0;0;1;0;0;0;0;1;0;0;0;1;0;0;0;0;0;0.0;0
618;c_H0_P34;780.0;780.0;n3300440;n3300440;c;0;0;0;0;1;0;0;0;1;0;0;0;1;0;0;0;0;0;0.0;0
619;w_H0_P35;795.0;795.0;n3300440;n3300440;w;0;0;0;1;0;0;0;0;1;0;0;0;1;0;0;0;0;0;0.0;0
620;c_H0_P35;795.0;795.0;n3300440;n3300440;c;0;0;0;0;1;0;0;0;1;0;0;0;1;0;0;0;0;0;0.0;0
621;w_H0_P36;810.0;810.0;n3300440;n3300440;w;0;0;0;1;0;0;0;0;1;0;0;0;1;0;0;0;0;0;0.0;0
622;c_H0_P36;810.0;810.0;n3300440;n3300440;c;0;0;0;0;1;0;0;0;1;0;0;0;1;0;0;0;0;0;0.0;0
623;w_H0_P37;825.0;825.0;n3300440;n3300440;w;0;0;0;1;0;0;0;0;1;0;0;0;1;0;0;0;0;0;0.0;0
624;c_H0_P37;825.0;825.0;n3300440;n3300440;c;0;0;0;0;1;0;0;0;1;0;0;0;1;0;0;0;0;0;0.0;0
625;w_H0_P38;840.0;840.0;n3300440;n3300440;w;0;0;0;1;0;0;0;0;1;0;0;0;1;0;0;0;0;0;0.0;0
626;c_H0_P38;840.0;840.0;n3300440;n3300440;c;0;0;0;0;1;0;0;0;1;0;0;0;1;0;0;0;0;0;0.0;0
627;w_H0_P39;855.0;855.0;n3300440;n3300440;w;0;0;0;1;0;0;0;0;1;0;0;0;1;0;0;0;0;0;0.0;0
628;c_H0_P39;855.0;855.0;n3300440;n3300440;c;0;0;0;0;1;0;0;0;1;0;0;0;1;0;0;0;0;0;0.0;0
629;w_H0_P40;870.0;870.0;n3300440;n3300440;w;0;0;0;1;0;0;0;0;1;0;0;0;1;0;0;0;0;0;0.0;0
630;c_H0_P40;870.0;870.0;n3300440;n3300440;c;0;0;0;0;1;0;0;0;1;0;0;0;1;0;0;0;0;0;0.0;0
631;w_H0_P41;885.0;885.0;n3300440;n3300440;w;0;0;0;1;0;0;0;0;1;0;0;0;1;0;0;0;0;0;0.0;0
632;c_H0_P41;885.0;885.0;n3300440;n3300440;c;0;0;0;0;1;0;0;0;1;0;0;0;1;0;0;0;0;0;0.0;0
633;w_H0_P42;900.0;900.0;n3300440;n3300440;w;0;0;0;1;0;0;0;0;1;0;0;0;1;0;0;0;0;0;0.0;0
634;c_H0_P42;900.0;900.0;n3300440;n3300440;c;0;0;0;0;1;0;0;0;1;0;0;0;1;0;0;0;0;0;0.0;0
635;w_H0_P43;915.0;915.0;n3300440;n3300440;w;0;0;0;1;0;0;0;0;1;0;0;0;1;0;0;0;0;0;0.0;0
636;c_H0_P43;915.0;915.0;n3300440;n3300440;c;0;0;0;0;1;0;0;0;1;0;0;0;1;0;0;0;0;0;0.0;0
637;w_H0_P44;930.0;930.0;n3300440;n3300440;w;0;0;0;1;0;0;0;0;1;0;0;0;1;0;0;0;0;0;0.0;0
638;c_H0_P44;930.0;930.0;n3300440;n3300440;c;0;0;0;0;1;0;0;0;1;0;0;0;1;0;0;0;0;0;0.0;0
639;w_H0_P45;945.0;945.0;n3300440;n3300440;w;0;0;0;1;0;0;0;0;1;0;0;0;1;0;0;0;0;0;0.0;0
640;c_H0_P45;945.0;945.0;n3300440;n3300440;c;0;0;0;0;1;0;0;0;1;0;0;0;1;0;0;0;0;0;0.0;0
641;w_H0_P46;960.0;960.0;n3300440;n3300440;w;0;0;0;1;0;0;0;0;1;0;0;0;1;0;0;0;0;0;0.0;0
642;c_H0_P46;960.0;960.0;n3300440;n3300440;c;0;0;0;0;1;0;0;0;1;0;0;0;1;0;0;0;0;0;0.0;0
643;w_H0_P47;975.0;975.0;n3300440;n3300440;w;0;0;0;1;0;0;0;0;1;0;0;0;1;0;0;0;0;0;0.0;0
644;c_H0_P47;975.0;975.0;n3300440;n3300440;c;0;0;0;0;1;0;0;0;1;0;0;0;1;0;0;0;0;0;0.0;0
645;w_H0_P48;990.0;990.0;n3300440;n3300440;w;0;0;0;1;0;0;0;0;1;0;0;0;1;0;0;0;0;0;0.0;0
646;c_H0_P48;990.0;990.0;n3300440;n3300440;c;0;0;0;0;1;0;0;0;1;0;0;0;1;0;0;0;0;0;0.0;0
647;w_H0_P49;1005.0;1005.0;n3300440;n3300440;w;0;0;0;1;0;0;0;0;1;0;0;0;1;0;0;0;0;0;0.0;0
648;c_H0_P49;1005.0;1005.0;n3300440;n3300440;c;0;0;0;0;1;0;0;0;1;0;0;0;1;0;0;0;0;0;0.0;0
649;w_H0_P50;1020.0;1020.0;n3300440;n3300440;w;0;0;0;1;0;0;0;0;1;0;0;0;1;0;0;0;0;0;0.0;0
650;c_H0_P50;1020.0;1020.0;n3300440;n3300440;c;0;0;0;0;1;0;0;0;1;0;0;0;1;0;0;0;0;0;0.0;0
651;w_H0_P51;1035.0;1035.0;n3300440;n3300440;w;0;0;0;1;0;0;0;0;1;0;0;0;1;0;0;0;0;0;0.0;0
652;c_H0_P51;1035.0;1035.0;n3300440;n3300440;c;0;0;0;0;1;0;0;0;1;0;0;0;1;0;0;0;0;0;0.0;0
653;w_H0_P52;1050.0;1050.0;n3300440;n3300440;w;0;0;0;1;0;0;0;0;1;0;0;0;1;0;0;0;0;0;0.0;0
654;c_H0_P52;1050.0;1050.0;n3300440;n3300440;c;0;0;0;0;1;0;0;0;1;0;0;0;1;0;0;0;0;0;0.0;0
655;w_H0_P53;1065.0;1065.0;n3300440;n3300440;w;0;0;0;1;0;0;0;0;1;0;0;0;1;0;0;0;0;0;0.0;0
656;c_H0_P53;1065.0;1065.0;n3300440;n3300440;c;0;0;0;0;1;0;0;0;1;0;0;0;1;0;0;0;0;0;0.0;0
657;w_H0_P54;1080.0;1080.0;n3300440;n3300440;w;0;0;0;1;0;0;0;0;1;0;0;0;1;0;0;0;0;0;0.0;0
658;c_H0_P54;1080.0;1080.0;n3300440;n3300440;c;0;0;0;0;1;0;0;0;1;0;0;0;1;0;0;0;0;0;0.0;0
659;w_H0_P55;1095.0;1095.0;n3300440;n3300440;w;0;0;0;1;0;0;0;0;1;0;0;0;1;0;0;0;0;0;0.0;0
660;c_H0_P55;1095.0;1095.0;n3300440;n3300440;c;0;0;0;0;1;0;0;0;1;0;0;0;1;0;0;0;0;0;0.0;0
661;w_H0_P56;1110.0;1110.0;n3300440;n3300440;w;0;0;0;1;0;0;0;0;1;0;0;0;1;0;0;0;0;0;0.0;0
662;c_H0_P56;1110.0;1110.0;n3300440;n3300440;c;0;0;0;0;1;0;0;0;1;0;0;0;1;0;0;0;0;0;0.0;0
663;w_H0_P57;1125.0;1125.0;n3300440;n3300440;w;0;0;0;1;0;0;0;0;1;0;0;0;1;0;0;0;0;0;0.0;0
664;c_H0_P57;1125.0;1125.0;n3300440;n3300440;c;0;0;0;0;1;0;0;0;1;0;0;0;1;0;0;0;0;0;0.0;0
665;w_H0_P58;1140.0;1140.0;n3300440;n3300440;w;0;0;0;1;0;0;0;0;1;0;0;0;1;0;0;0;0;0;0.0;0
666;c_H0_P58;1140.0;1140.0;n3300440;n3300440;c;0;0;0;0;1;0;0;0;1;0;0;0;1;0;0;0;0;0;0.0;0
667;w_H0_P59;1155.0;1155.0;n3300440;n3300440;w;0;0;0;1;0;0;0;0;1;0;0;0;1;0;0;0;0;0;0.0;0
668;c_H0_P59;1155.0;1155.0;n3300440;n3300440;c;0;0;0;0;1;0;0;0;1;0;0;0;1;0;0;0;0;0;0.0;0
669;w_H0_P60;1170.0;1170.0;n3300440;n3300440;w;0;0;0;1;0;0;0;0;1;0;0;0;1;0;0;0;0;0;0.0;0
670;c_H0_P60;1170.0;1170.0;n3300440;n3300440;c;0;0;0;0;1;0;0;0;1;0;0;0;1;0;0;0;0;0;0.0;0
671;w_H0_P61;1185.0;1185.0;n3300440;n3300440;w;0;0;0;1;0;0;0;0;1;0;0;0;1;0;0;0;0;0;0.0;0
672;c_H0_P61;1185.0;1185.0;n3300440;n3300440;c;0;0;0;0;1;0;0;0;1;0;0;0;1;0;0;0;0;0;0.0;0
673;w_H0_P62;1200.0;1200.0;n3300440;n3300440;w;0;0;0;1;0;0;0;0;1;0;0;0;1;0;0;0;0;0;0.0;0
674;c_H0_P62;1200.0;1200.0;n3300440;n3300440;c;0;0;0;0;1;0;0;0;1;0;0;0;1;0;0;0;0;0;0.0;0
675;w_H0_P63;1215.0;1215.0;n3300440;n3300440;w;0;0;0;1;0;0;0;0;1;0;0;0;1;0;0;0;0;0;0.0;0
676;c_H0_P63;1215.0;1215.0;n3300440;n3300440;c;0;0;0;0;1;0;0;0;1;0;0;0;1;0;0;0;0;0;0.0;0
677;w_H0_P64;1230.0;1230.0;n3300440;n3300440;w;0;0;0;1;0;0;0;0;1;0;0;0;1;0;0;0;0;0;0.0;0
678;c_H0_P64;1230.0;1230.0;n3300440;n3300440;c;0;0;0;0;1;0;0;0;1;0;0;0;1;0;0;0;0;0;0.0;0
679;w_H0_P65;1245.0;1245.0;n3300440;n3300440;w;0;0;0;1;0;0;0;0;1;0;0;0;1;0;0;0;0;0;0.0;0
680;c_H0_P65;1245.0;1245.0;n3300440;n3300440;c;0;0;0;0;1;0;0;0;1;0;0;0;1;0;0;0;0;0;0.0;0
681;w_H0_P66;1260.0;1260.0;n3300440;n3300440;w;0;0;0;1;0;0;0;0;1;0;0;0;1;0;0;0;0;0;0.0;0
682;c_H0_P66;1260.0;1260.0;n3300440;n3300440;c;0;0;0;0;1;0;0;0;1;0;0;0;1;0;0;0;0;0;0.0;0
683;w_H0_P67;1275.0;1275.0;n3300440;n3300440;w;0;0;0;1;0;0;0;0;1;0;0;0;1;0;0;0;0;0;0.0;0
684;c_H0_P67;1275.0;1275.0;n3300440;n3300440;c;0;0;0;0;1;0;0;0;1;0;0;0;1;0;0;0;0;0;0.0;0
685;w_H0_P68;1290.0;1290.0;n3300440;n3300440;w;0;0;0;1;0;0;0;0;1;0;0;0;1;0;0;0;0;0;0.0;0
686;c_H0_P68;1290.0;1290.0;n3300440;n3300440;c;0;0;0;0;1;0;0;0;1;0;0;0;1;0;0;0;0;0;0.0;0
687;w_H0_P69;1305.0;1305.0;n3300440;n3300440;w;0;0;0;1;0;0;0;0;1;0;0;0;1;0;0;0;0;0;0.0;0
688;c_H0_P69;1305.0;1305.0;n3300440;n3300440;c;0;0;0;0;1;0;0;0;1;0;0;0;1;0;0;0;0;0;0.0;0
689;w_H0_P70;1320.0;1320.0;n3300440;n3300440;w;0;0;0;1;0;0;0;0;1;0;0;0;1;0;0;0;0;0;0.0;0
690;c_H0_P70;1320.0;1320.0;n3300440;n3300440;c;0;0;0;0;1;0;0;0;1;0;0;0;1;0;0;0;0;0;0.0;0
691;w_H0_P71;1335.0;1335.0;n3300440;n3300440;w;0;0;0;1;0;0;0;0;1;0;0;0;1;0;0;0;0;0;0.0;0
692;c_H0_P71;1335.0;1335.0;n3300440;n3300440;c;0;0;0;0;1;0;0;0;1;0;0;0;1;0;0;0;0;0;0.0;0
693;w_H0_P72;1350.0;1350.0;n3300440;n3300440;w;0;0;0;1;0;0;0;0;1;0;0;0;1;0;0;0;0;0;0.0;0
694;c_H0_P72;1350.0;1350.0;n3300440;n3300440;c;0;0;0;0;1;0;0;0;1;0;0;0;1;0;0;0;0;0;0.0;0
695;w_H0_P73;1365.0;1365.0;n3300440;n3300440;w;0;0;0;1;0;0;0;0;1;0;0;0;1;0;0;0;0;0;0.0;0
696;c_H0_P73;1365.0;1365.0;n3300440;n3300440;c;0;0;0;0;1;0;0;0;1;0;0;0;1;0;0;0;0;0;0.0;0
697;w_H0_P74;1380.0;1380.0;n3300440;n3300440;w;0;0;0;1;0;0;0;0;1;0;0;0;1;0;0;0;0;0;0.0;0
698;c_H0_P74;1380.0;1380.0;n3300440;n3300440;c;0;0;0;0;1;0;0;0;1;0;0;0;1;0;0;0;0;0;0.0;0
699;w_H0_P75;1395.0;1395.0;n3300440;n3300440;w;0;0;0;1;0;0;0;0;1;0;0;0;1;0;0;0;0;0;0.0;0
700;c_H0_P75;1395.0;1395.0;n3300440;n3300440;c;0;0;0;0;1;0;0;0;1;0;0;0;1;0;0;0;0;0;0.0;0
701;w_H0_P76;1410.0;1410.0;n3300440;n3300440;w;0;0;0;1;0;0;0;0;1;0;0;0;1;0;0;0;0;0;0.0;0
702;c_H0_P76;1410.0;1410.0;n3300440;n3300440;c;0;0;0;0;1;0;0;0;1;0;0;0;1;0;0;0;0;0;0.0;0
703;w_H0_P77;1425.0;1425.0;n3300440;n3300440;w;0;0;0;1;0;0;0;0;1;0;0;0;1;0;0;0;0;0;0.0;0
704;c_H0_P77;1425.0;1425.0;n3300440;n3300440;c;0;0;0;0;1;0;0;0;1;0;0;0;1;0;0;0;0;0;0.0;0
705;w_H0_P78;1440.0;1440.0;n3300440;n3300440;w;0;0;0;1;0;0;0;0;1;0;0;0;1;0;0;0;0;0;0.0;0
706;c_H0_P78;1440.0;1440.0;n3300440;n3300440;c;0;0;0;0;1;0;0;0;1;0;0;0;1;0;0;0;0;0;0.0;0
707;w_H0_P79;1455.0;1455.0;n3300440;n3300440;w;0;0;0;1;0;0;0;0;1;0;0;0;1;0;0;0;0;0;0.0;0
708;c_H0_P79;1455.0;1455.0;n3300440;n3300440;c;0;0;0;0;1;0;0;0;1;0;0;0;1;0;0;0;0;0;0.0;0
709;w_H0_P80;1470.0;1470.0;n3300440;n3300440;w;0;0;0;1;0;0;0;0;1;0;0;0;1;0;0;0;0;0;0.0;0
710;c_H0_P80;1470.0;1470.0;n3300440;n3300440;c;0;0;0;0;1;0;0;0;1;0;0;0;1;0;0;0;0;0;0.0;0
711;w_H0_P81;1485.0;1485.0;n3300440;n3300440;w;0;0;0;1;0;0;0;0;1;0;0;0;1;0;0;0;0;0;0.0;0
712;c_H0_P81;1485.0;1485.0;n3300440;n3300440;c;0;0;0;0;1;0;0;0;1;0;0;0;1;0;0;0;0;0;0.0;0
713;w_H1_P0;270.0;270.0;n3300440;n3300440;w;0;0;0;1;0;0;0;0;1;0;0;0;1;0;0;0;0;0;0.0;0
714;c_H1_P0;270.0;270.0;n3300440;n3300440;c;0;0;0;0;1;0;0;0;1;0;0;0;1;0;0;0;0;0;0.0;0
715;w_H1_P1;285.0;285.0;n3300440;n3300440;w;0;0;0;1;0;0;0;0;1;0;0;0;1;0;0;0;0;0;0.0;0
716;c_H1_P1;285.0;285.0;n3300440;n3300440;c;0;0;0;0;1;0;0;0;1;0;0;0;1;0;0;0;0;0;0.0;0
717;w_H1_P2;300.0;300.0;n3300440;n3300440;w;0;0;0;1;0;0;0;0;1;0;0;0;1;0;0;0;0;0;0.0;0
718;c_H1_P2;300.0;300.0;n3300440;n3300440;c;0;0;0;0;1;0;0;0;1;0;0;0;1;0;0;0;0;0;0.0;0
719;w_H1_P3;315.0;315.0;n3300440;n3300440;w;0;0;0;1;0;0;0;0;1;0;0;0;1;0;0;0;0;0;0.0;0
720;c_H1_P3;315.0;315.0;n3300440;n3300440;c;0;0;0;0;1;0;0;0;1;0;0;0;1;0;0;0;0;0;0.0;0
721;w_H1_P4;330.0;330.0;n3300440;n3300440;w;0;0;0;1;0;0;0;0;1;0;0;0;1;0;0;0;0;0;0.0;0
722;c_H1_P4;330.0;330.0;n3300440;n3300440;c;0;0;0;0;1;0;0;0;1;0;0;0;1;0;0;0;0;0;0.0;0
723;w_H1_P5;345.0;345.0;n3300440;n3300440;w;0;0;0;1;0;0;0;0;1;0;0;0;1;0;0;0;0;0;0.0;0
724;c_H1_P5;345.0;345.0;n3300440;n3300440;c;0;0;0;0;1;0;0;0;1;0;0;0;1;0;0;0;0;0;0.0;0
725;w_H1_P6;360.0;360.0;n3300440;n3300440;w;0;0;0;1;0;0;0;0;1;0;0;0;1;0;0;0;0;0;0.0;0
726;c_H1_P6;360.0;360.0;n3300440;n3300440;c;0;0;0;0;1;0;0;0;1;0;0;0;1;0;0;0;0;0;0.0;0
727;w_H1_P7;375.0;375.0;n3300440;n3300440;w;0;0;0;1;0;0;0;0;1;0;0;0;1;0;0;0;0;0;0.0;0
728;c_H1_P7;375.0;375.0;n3300440;n3300440;c;0;0;0;0;1;0;0;0;1;0;0;0;1;0;0;0;0;0;0.0;0
729;w_H1_P8;390.0;390.0;n3300440;n3300440;w;0;0;0;1;0;0;0;0;1;0;0;0;1;0;0;0;0;0;0.0;0
730;c_H1_P8;390.0;390.0;n3300440;n3300440;c;0;0;0;0;1;0;0;0;1;0;0;0;1;0;0;0;0;0;0.0;0
731;w_H1_P9;405.0;405.0;n3300440;n3300440;w;0;0;0;1;0;0;0;0;1;0;0;0;1;0;0;0;0;0;0.0;0
732;c_H1_P9;405.0;405.0;n3300440;n3300440;c;0;0;0;0;1;0;0;0;1;0;0;0;1;0;0;0;0;0;0.0;0
733;w_H1_P10;420.0;420.0;n3300440;n3300440;w;0;0;0;1;0;0;0;0;1;0;0;0;1;0;0;0;0;0;0.0;0
734;c_H1_P10;420.0;420.0;n3300440;n3300440;c;0;0;0;0;1;0;0;0;1;0;0;0;1;0;0;0;0;0;0.0;0
735;w_H1_P11;435.0;435.0;n3300440;n3300440;w;0;0;0;1;0;0;0;0;1;0;0;0;1;0;0;0;0;0;0.0;0
736;c_H1_P11;435.0;435.0;n3300440;n3300440;c;0;0;0;0;1;0;0;0;1;0;0;0;1;0;0;0;0;0;0.0;0
737;w_H1_P12;450.0;450.0;n3300440;n3300440;w;0;0;0;1;0;0;0;0;1;0;0;0;1;0;0;0;0;0;0.0;0
738;c_H1_P12;450.0;450.0;n3300440;n3300440;c;0;0;0;0;1;0;0;0;1;0;0;0;1;0;0;0;0;0;0.0;0
739;w_H1_P13;465.0;465.0;n3300440;n3300440;w;0;0;0;1;0;0;0;0;1;0;0;0;1;0;0;0;0;0;0.0;0
740;c_H1_P13;465.0;465.0;n3300440;n3300440;c;0;0;0;0;1;0;0;0;1;0;0;0;1;0;0;0;0;0;0.0;0
741;w_H1_P14;480.0;480.0;n3300440;n3300440;w;0;0;0;1;0;0;0;0;1;0;0;0;1;0;0;0;0;0;0.0;0
742;c_H1_P14;480.0;480.0;n3300440;n3300440;c;0;0;0;0;1;0;0;0;1;0;0;0;1;0;0;0;0;0;0.0;0
743;w_H1_P15;495.0;495.0;n3300440;n3300440;w;0;0;0;1;0;0;0;0;1;0;0;0;1;0;0;0;0;0;0.0;0
744;c_H1_P15;495.0;495.0;n3300440;n3300440;c;0;0;0;0;1;0;0;0;1;0;0;0;1;0;0;0;0;0;0.0;0
745;w_H1_P16;510.0;510.0;n3300440;n3300440;w;0;0;0;1;0;0;0;0;1;0;0;0;1;0;0;0;0;0;0.0;0
746;c_H1_P16;510.0;510.0;n3300440;n3300440;c;0;0;0;0;1;0;0;0;1;0;0;0;1;0;0;0;0;0;0.0;0
747;w_H1_P17;525.0;525.0;n3300440;n3300440;w;0;0;0;1;0;0;0;0;1;0;0;0;1;0;0;0;0;0;0.0;0
748;c_H1_P17;525.0;525.0;n3300440;n3300440;c;0;0;0;0;1;0;0;0;1;0;0;0;1;0;0;0;0;0;0.0;0
749;w_H1_P18;540.0;540.0;n3300440;n3300440;w;0;0;0;1;0;0;0;0;1;0;0;0;1;0;0;0;0;0;0.0;0
750;c_H1_P18;540.0;540.0;n3300440;n3300440;c;0;0;0;0;1;0;0;0;1;0;0;0;1;0;0;0;0;0;0.0;0
751;w_H1_P19;555.0;555.0;n3300440;n3300440;w;0;0;0;1;0;0;0;0;1;0;0;0;1;0;0;0;0;0;0.0;0
752;c_H1_P19;555.0;555.0;n3300440;n3300440;c;0;0;0;0;1;0;0;0;1;0;0;0;1;0;0;0;0;0;0.0;0
753;w_H1_P20;570.0;570.0;n3300440;n3300440;w;0;0;0;1;0;0;0;0;1;0;0;0;1;0;0;0;0;0;0.0;0
754;c_H1_P20;570.0;570.0;n3300440;n3300440;c;0;0;0;0;1;0;0;0;1;0;0;0;1;0;0;0;0;0;0.0;0
755;w_H1_P21;585.0;585.0;n3300440;n3300440;w;0;0;0;1;0;0;0;0;1;0;0;0;1;0;0;0;0;0;0.0;0
756;c_H1_P21;585.0;585.0;n3300440;n3300440;c;0;0;0;0;1;0;0;0;1;0;0;0;1;0;0;0;0;0;0.0;0
757;w_H1_P22;600.0;600.0;n3300440;n3300440;w;0;0;0;1;0;0;0;0;1;0;0;0;1;0;0;0;0;0;0.0;0
758;c_H1_P22;600.0;600.0;n3300440;n3300440;c;0;0;0;0;1;0;0;0;1;0;0;0;1;0;0;0;0;0;0.0;0
759;w_H1_P23;615.0;615.0;n3300440;n3300440;w;0;0;0;1;0;0;0;0;1;0;0;0;1;0;0;0;0;0;0.0;0
760;c_H1_P23;615.0;615.0;n3300440;n3300440;c;0;0;0;0;1;0;0;0;1;0;0;0;1;0;0;0;0;0;0.0;0
761;w_H1_P24;630.0;630.0;n3300440;n3300440;w;0;0;0;1;0;0;0;0;1;0;0;0;1;0;0;0;0;0;0.0;0
762;c_H1_P24;630.0;630.0;n3300440;n3300440;c;0;0;0;0;1;0;0;0;1;0;0;0;1;0;0;0;0;0;0.0;0
763;w_H1_P25;645.0;645.0;n3300440;n3300440;w;0;0;0;1;0;0;0;0;1;0;0;0;1;0;0;0;0;0;0.0;0
764;c_H1_P25;645.0;645.0;n3300440;n3300440;c;0;0;0;0;1;0;0;0;1;0;0;0;1;0;0;0;0;0;0.0;0
765;w_H1_P26;660.0;660.0;n3300440;n3300440;w;0;0;0;1;0;0;0;0;1;0;0;0;1;0;0;0;0;0;0.0;0
766;c_H1_P26;660.0;660.0;n3300440;n3300440;c;0;0;0;0;1;0;0;0;1;0;0;0;1;0;0;0;0;0;0.0;0
767;w_H1_P27;675.0;675.0;n3300440;n3300440;w;0;0;0;1;0;0;0;0;1;0;0;0;1;0;0;0;0;0;0.0;0
768;c_H1_P27;675.0;675.0;n3300440;n3300440;c;0;0;0;0;1;0;0;0;1;0;0;0;1;0;0;0;0;0;0.0;0
769;w_H1_P28;690.0;690.0;n3300440;n3300440;w;0;0;0;1;0;0;0;0;1;0;0;0;1;0;0;0;0;0;0.0;0
770;c_H1_P28;690.0;690.0;n3300440;n3300440;c;0;0;0;0;1;0;0;0;1;0;0;0;1;0;0;0;0;0;0.0;0
771;w_H1_P29;705.0;705.0;n3300440;n3300440;w;0;0;0;1;0;0;0;0;1;0;0;0;1;0;0;0;0;0;0.0;0
772;c_H1_P29;705.0;705.0;n3300440;n3300440;c;0;0;0;0;1;0;0;0;1;0;0;0;1;0;0;0;0;0;0.0;0
773;w_H1_P30;720.0;720.0;n3300440;n3300440;w;0;0;0;1;0;0;0;0;1;0;0;0;1;0;0;0;0;0;0.0;0
774;c_H1_P30;720.0;720.0;n3300440;n3300440;c;0;0;0;0;1;0;0;0;1;0;0;0;1;0;0;0;0;0;0.0;0
775;w_H1_P31;735.0;735.0;n3300440;n3300440;w;0;0;0;1;0;0;0;0;1;0;0;0;1;0;0;0;0;0;0.0;0
776;c_H1_P31;735.0;735.0;n3300440;n3300440;c;0;0;0;0;1;0;0;0;1;0;0;0;1;0;0;0;0;0;0.0;0
777;w_H1_P32;750.0;750.0;n3300440;n3300440;w;0;0;0;1;0;0;0;0;1;0;0;0;1;0;0;0;0;0;0.0;0
778;c_H1_P32;750.0;750.0;n3300440;n3300440;c;0;0;0;0;1;0;0;0;1;0;0;0;1;0;0;0;0;0;0.0;0
779;w_H1_P33;765.0;765.0;n3300440;n3300440;w;0;0;0;1;0;0;0;0;1;0;0;0;1;0;0;0;0;0;0.0;0
780;c_H1_P33;765.0;765.0;n3300440;n3300440;c;0;0;0;0;1;0;0;0;1;0;0;0;1;0;0;0;0;0;0.0;0
781;w_H1_P34;780.0;780.0;n3300440;n3300440;w;0;0;0;1;0;0;0;0;1;0;0;0;1;0;0;0;0;0;0.0;0
782;c_H1_P34;780.0;780.0;n3300440;n3300440;c;0;0;0;0;1;0;0;0;1;0;0;0;1;0;0;0;0;0;0.0;0
783;w_H1_P35;795.0;795.0;n3300440;n3300440;w;0;0;0;1;0;0;0;0;1;0;0;0;1;0;0;0;0;0;0.0;0
784;c_H1_P35;795.0;795.0;n3300440;n3300440;c;0;0;0;0;1;0;0;0;1;0;0;0;1;0;0;0;0;0;0.0;0
785;w_H1_P36;810.0;810.0;n3300440;n3300440;w;0;0;0;1;0;0;0;0;1;0;0;0;1;0;0;0;0;0;0.0;0
786;c_H1_P36;810.0;810.0;n3300440;n3300440;c;0;0;0;0;1;0;0;0;1;0;0;0;1;0;0;0;0;0;0.0;0
787;w_H1_P37;825.0;825.0;n3300440;n3300440;w;0;0;0;1;0;0;0;0;1;0;0;0;1;0;0;0;0;0;0.0;0
788;c_H1_P37;825.0;825.0;n3300440;n3300440;c;0;0;0;0;1;0;0;0;1;0;0;0;1;0;0;0;0;0;0.0;0
789;w_H1_P38;840.0;840.0;n3300440;n3300440;w;0;0;0;1;0;0;0;0;1;0;0;0;1;0;0;0;0;0;0.0;0
790;c_H1_P38;840.0;840.0;n3300440;n3300440;c;0;0;0;0;1;0;0;0;1;0;0;0;1;0;0;0;0;0;0.0;0
791;w_H1_P39;855.0;855.0;n3300440;n3300440;w;0;0;0;1;0;0;0;0;1;0;0;0;1;0;0;0;0;0;0.0;0
792;c_H1_P39;855.0;855.0;n3300440;n3300440;c;0;0;0;0;1;0;0;0;1;0;0;0;1;0;0;0;0;0;0.0;0
793;w_H1_P40;870.0;870.0;n3300440;n3300440;w;0;0;0;1;0;0;0;0;1;0;0;0;1;0;0;0;0;0;0.0;0
794;c_H1_P40;870.0;870.0;n3300440;n3300440;c;0;0;0;0;1;0;0;0;1;0;0;0;1;0;0;0;0;0;0.0;0
795;w_H1_P41;885.0;885.0;n3300440;n3300440;w;0;0;0;1;0;0;0;0;1;0;0;0;1;0;0;0;0;0;0.0;0
796;c_H1_P41;885.0;885.0;n3300440;n3300440;c;0;0;0;0;1;0;0;0;1;0;0;0;1;0;0;0;0;0;0.0;0
797;w_H1_P42;900.0;900.0;n3300440;n3300440;w;0;0;0;1;0;0;0;0;1;0;0;0;1;0;0;0;0;0;0.0;0
798;c_H1_P42;900.0;900.0;n3300440;n3300440;c;0;0;0;0;1;0;0;0;1;0;0;0;1;0;0;0;0;0;0.0;0
799;w_H1_P43;915.0;915.0;n3300440;n3300440;w;0;0;0;1;0;0;0;0;1;0;0;0;1;0;0;0;0;0;0.0;0
800;c_H1_P43;915.0;915.0;n3300440;n3300440;c;0;0;0;0;1;0;0;0;1;0;0;0;1;0;0;0;0;0;0.0;0
801;w_H1_P44;930.0;930.0;n3300440;n3300440;w;0;0;0;1;0;0;0;0;1;0;0;0;1;0;0;0;0;0;0.0;0
802;c_H1_P44;930.0;930.0;n3300440;n3300440;c;0;0;0;0;1;0;0;0;1;0;0;0;1;0;0;0;0;0;0.0;0
803;w_H1_P45;945.0;945.0;n3300440;n3300440;w;0;0;0;1;0;0;0;0;1;0;0;0;1;0;0;0;0;0;0.0;0
804;c_H1_P45;945.0;945.0;n3300440;n3300440;c;0;0;0;0;1;0;0;0;1;0;0;0;1;0;0;0;0;0;0.0;0
805;w_H1_P46;960.0;960.0;n3300440;n3300440;w;0;0;0;1;0;0;0;0;1;0;0;0;1;0;0;0;0;0;0.0;0
806;c_H1_P46;960.0;960.0;n3300440;n3300440;c;0;0;0;0;1;0;0;0;1;0;0;0;1;0;0;0;0;0;0.0;0
807;w_H1_P47;975.0;975.0;n3300440;n3300440;w;0;0;0;1;0;0;0;0;1;0;0;0;1;0;0;0;0;0;0.0;0
808;c_H1_P47;975.0;975.0;n3300440;n3300440;c;0;0;0;0;1;0;0;0;1;0;0;0;1;0;0;0;0;0;0.0;0
809;w_H1_P48;990.0;990.0;n3300440;n3300440;w;0;0;0;1;0;0;0;0;1;0;0;0;1;0;0;0;0;0;0.0;0
810;c_H1_P48;990.0;990.0;n3300440;n3300440;c;0;0;0;0;1;0;0;0;1;0;0;0;1;0;0;0;0;0;0.0;0
811;w_H1_P49;1005.0;1005.0;n3300440;n3300440;w;0;0;0;1;0;0;0;0;1;0;0;0;1;0;0;0;0;0;0.0;0
812;c_H1_P49;1005.0;1005.0;n3300440;n3300440;c;0;0;0;0;1;0;0;0;1;0;0;0;1;0;0;0;0;0;0.0;0
813;w_H1_P50;1020.0;1020.0;n3300440;n3300440;w;0;0;0;1;0;0;0;0;1;0;0;0;1;0;0;0;0;0;0.0;0
814;c_H1_P50;1020.0;1020.0;n3300440;n3300440;c;0;0;0;0;1;0;0;0;1;0;0;0;1;0;0;0;0;0;0.0;0
815;w_H1_P51;1035.0;1035.0;n3300440;n3300440;w;0;0;0;1;0;0;0;0;1;0;0;0;1;0;0;0;0;0;0.0;0
816;c_H1_P51;1035.0;1035.0;n3300440;n3300440;c;0;0;0;0;1;0;0;0;1;0;0;0;1;0;0;0;0;0;0.0;0
817;w_H1_P52;1050.0;1050.0;n3300440;n3300440;w;0;0;0;1;0;0;0;0;1;0;0;0;1;0;0;0;0;0;0.0;0
818;c_H1_P52;1050.0;1050.0;n3300440;n3300440;c;0;0;0;0;1;0;0;0;1;0;0;0;1;0;0;0;0;0;0.0;0
819;w_H1_P53;1065.0;1065.0;n3300440;n3300440;w;0;0;0;1;0;0;0;0;1;0;0;0;1;0;0;0;0;0;0.0;0
820;c_H1_P53;1065.0;1065.0;n3300440;n3300440;c;0;0;0;0;1;0;0;0;1;0;0;0;1;0;0;0;0;0;0.0;0
821;w_H1_P54;1080.0;1080.0;n3300440;n3300440;w;0;0;0;1;0;0;0;0;1;0;0;0;1;0;0;0;0;0;0.0;0
822;c_H1_P54;1080.0;1080.0;n3300440;n3300440;c;0;0;0;0;1;0;0;0;1;0;0;0;1;0;0;0;0;0;0.0;0
823;w_H1_P55;1095.0;1095.0;n3300440;n3300440;w;0;0;0;1;0;0;0;0;1;0;0;0;1;0;0;0;0;0;0.0;0
824;c_H1_P55;1095.0;1095.0;n3300440;n3300440;c;0;0;0;0;1;0;0;0;1;0;0;0;1;0;0;0;0;0;0.0;0
825;w_H1_P56;1110.0;1110.0;n3300440;n3300440;w;0;0;0;1;0;0;0;0;1;0;0;0;1;0;0;0;0;0;0.0;0
826;c_H1_P56;1110.0;1110.0;n3300440;n3300440;c;0;0;0;0;1;0;0;0;1;0;0;0;1;0;0;0;0;0;0.0;0
827;w_H1_P57;1125.0;1125.0;n3300440;n3300440;w;0;0;0;1;0;0;0;0;1;0;0;0;1;0;0;0;0;0;0.0;0
828;c_H1_P57;1125.0;1125.0;n3300440;n3300440;c;0;0;0;0;1;0;0;0;1;0;0;0;1;0;0;0;0;0;0.0;0
829;w_H1_P58;1140.0;1140.0;n3300440;n3300440;w;0;0;0;1;0;0;0;0;1;0;0;0;1;0;0;0;0;0;0.0;0
830;c_H1_P58;1140.0;1140.0;n3300440;n3300440;c;0;0;0;0;1;0;0;0;1;0;0;0;1;0;0;0;0;0;0.0;0
831;w_H1_P59;1155.0;1155.0;n3300440;n3300440;w;0;0;0;1;0;0;0;0;1;0;0;0;1;0;0;0;0;0;0.0;0
832;c_H1_P59;1155.0;1155.0;n3300440;n3300440;c;0;0;0;0;1;0;0;0;1;0;0;0;1;0;0;0;0;0;0.0;0
833;w_H1_P60;1170.0;1170.0;n3300440;n3300440;w;0;0;0;1;0;0;0;0;1;0;0;0;1;0;0;0;0;0;0.0;0
834;c_H1_P60;1170.0;1170.0;n3300440;n3300440;c;0;0;0;0;1;0;0;0;1;0;0;0;1;0;0;0;0;0;0.0;0
835;w_H1_P61;1185.0;1185.0;n3300440;n3300440;w;0;0;0;1;0;0;0;0;1;0;0;0;1;0;0;0;0;0;0.0;0
836;c_H1_P61;1185.0;1185.0;n3300440;n3300440;c;0;0;0;0;1;0;0;0;1;0;0;0;1;0;0;0;0;0;0.0;0
837;w_H1_P62;1200.0;1200.0;n3300440;n3300440;w;0;0;0;1;0;0;0;0;1;0;0;0;1;0;0;0;0;0;0.0;0
838;c_H1_P62;1200.0;1200.0;n3300440;n3300440;c;0;0;0;0;1;0;0;0;1;0;0;0;1;0;0;0;0;0;0.0;0
839;w_H1_P63;1215.0;1215.0;n3300440;n3300440;w;0;0;0;1;0;0;0;0;1;0;0;0;1;0;0;0;0;0;0.0;0
840;c_H1_P63;1215.0;1215.0;n3300440;n3300440;c;0;0;0;0;1;0;0;0;1;0;0;0;1;0;0;0;0;0;0.0;0
841;w_H1_P64;1230.0;1230.0;n3300440;n3300440;w;0;0;0;1;0;0;0;0;1;0;0;0;1;0;0;0;0;0;0.0;0
842;c_H1_P64;1230.0;1230.0;n3300440;n3300440;c;0;0;0;0;1;0;0;0;1;0;0;0;1;0;0;0;0;0;0.0;0
843;w_H1_P65;1245.0;1245.0;n3300440;n3300440;w;0;0;0;1;0;0;0;0;1;0;0;0;1;0;0;0;0;0;0.0;0
844;c_H1_P65;1245.0;1245.0;n3300440;n3300440;c;0;0;0;0;1;0;0;0;1;0;0;0;1;0;0;0;0;0;0.0;0
845;w_H1_P66;1260.0;1260.0;n3300440;n3300440;w;0;0;0;1;0;0;0;0;1;0;0;0;1;0;0;0;0;0;0.0;0
846;c_H1_P66;1260.0;1260.0;n3300440;n3300440;c;0;0;0;0;1;0;0;0;1;0;0;0;1;0;0;0;0;0;0.0;0
847;w_H1_P67;1275.0;1275.0;n3300440;n3300440;w;0;0;0;1;0;0;0;0;1;0;0;0;1;0;0;0;0;0;0.0;0
848;c_H1_P67;1275.0;1275.0;n3300440;n3300440;c;0;0;0;0;1;0;0;0;1;0;0;0;1;0;0;0;0;0;0.0;0
849;w_H1_P68;1290.0;1290.0;n3300440;n3300440;w;0;0;0;1;0;0;0;0;1;0;0;0;1;0;0;0;0;0;0.0;0
850;c_H1_P68;1290.0;1290.0;n3300440;n3300440;c;0;0;0;0;1;0;0;0;1;0;0;0;1;0;0;0;0;0;0.0;0
851;w_H1_P69;1305.0;1305.0;n3300440;n3300440;w;0;0;0;1;0;0;0;0;1;0;0;0;1;0;0;0;0;0;0.0;0
852;c_H1_P69;1305.0;1305.0;n3300440;n3300440;c;0;0;0;0;1;0;0;0;1;0;0;0;1;0;0;0;0;0;0.0;0
853;w_H1_P70;1320.0;1320.0;n3300440;n3300440;w;0;0;0;1;0;0;0;0;1;0;0;0;1;0;0;0;0;0;0.0;0
854;c_H1_P70;1320.0;1320.0;n3300440;n3300440;c;0;0;0;0;1;0;0;0;1;0;0;0;1;0;0;0;0;0;0.0;0
855;w_H1_P71;1335.0;1335.0;n3300440;n3300440;w;0;0;0;1;0;0;0;0;1;0;0;0;1;0;0;0;0;0;0.0;0
856;c_H1_P71;1335.0;1335.0;n3300440;n3300440;c;0;0;0;0;1;0;0;0;1;0;0;0;1;0;0;0;0;0;0.0;0
857;w_H1_P72;1350.0;1350.0;n3300440;n3300440;w;0;0;0;1;0;0;0;0;1;0;0;0;1;0;0;0;0;0;0.0;0
858;c_H1_P72;1350.0;1350.0;n3300440;n3300440;c;0;0;0;0;1;0;0;0;1;0;0;0;1;0;0;0;0;0;0.0;0
859;w_H1_P73;1365.0;1365.0;n3300440;n3300440;w;0;0;0;1;0;0;0;0;1;0;0;0;1;0;0;0;0;0;0.0;0
860;c_H1_P73;1365.0;1365.0;n3300440;n3300440;c;0;0;0;0;1;0;0;0;1;0;0;0;1;0;0;0;0;0;0.0;0
861;w_H1_P74;1380.0;1380.0;n3300440;n3300440;w;0;0;0;1;0;0;0;0;1;0;0;0;1;0;0;0;0;0;0.0;0
862;c_H1_P74;1380.0;1380.0;n3300440;n3300440;c;0;0;0;0;1;0;0;0;1;0;0;0;1;0;0;0;0;0;0.0;0
863;w_H1_P75;1395.0;1395.0;n3300440;n3300440;w;0;0;0;1;0;0;0;0;1;0;0;0;1;0;0;0;0;0;0.0;0
864;c_H1_P75;1395.0;1395.0;n3300440;n3300440;c;0;0;0;0;1;0;0;0;1;0;0;0;1;0;0;0;0;0;0.0;0
865;w_H1_P76;1410.0;1410.0;n3300440;n3300440;w;0;0;0;1;0;0;0;0;1;0;0;0;1;0;0;0;0;0;0.0;0
866;c_H1_P76;1410.0;1410.0;n3300440;n3300440;c;0;0;0;0;1;0;0;0;1;0;0;0;1;0;0;0;0;0;0.0;0
867;w_H1_P77;1425.0;1425.0;n3300440;n3300440;w;0;0;0;1;0;0;0;0;1;0;0;0;1;0;0;0;0;0;0.0;0
868;c_H1_P77;1425.0;1425.0;n3300440;n3300440;c;0;0;0;0;1;0;0;0;1;0;0;0;1;0;0;0;0;0;0.0;0
869;w_H1_P78;1440.0;1440.0;n3300440;n3300440;w;0;0;0;1;0;0;0;0;1;0;0;0;1;0;0;0;0;0;0.0;0
870;c_H1_P78;1440.0;1440.0;n3300440;n3300440;c;0;0;0;0;1;0;0;0;1;0;0;0;1;0;0;0;0;0;0.0;0
871;w_H1_P79;1455.0;1455.0;n3300440;n3300440;w;0;0;0;1;0;0;0;0;1;0;0;0;1;0;0;0;0;0;0.0;0
872;c_H1_P79;1455.0;1455.0;n3300440;n3300440;c;0;0;0;0;1;0;0;0;1;0;0;0;1;0;0;0;0;0;0.0;0
873;w_H1_P80;1470.0;1470.0;n3300440;n3300440;w;0;0;0;1;0;0;0;0;1;0;0;0;1;0;0;0;0;0;0.0;0
874;c_H1_P80;1470.0;1470.0;n3300440;n3300440;c;0;0;0;0;1;0;0;0;1;0;0;0;1;0;0;0;0;0;0.0;0
875;w_H1_P81;1485.0;1485.0;n3300440;n3300440;w;0;0;0;1;0;0;0;0;1;0;0;0;1;0;0;0;0;0;0.0;0
876;c_H1_P81;1485.0;1485.0;n3300440;n3300440;c;0;0;0;0;1;0;0;0;1;0;0;0;1;0;0;0;0;0;0.0;0
